0 0.3703125 0.525 0.38125 0.5265625 0.3859375 0.5296875 0.3875 0.5453125 0.396875 0.5578125 0.403125 0.571875 0.40625 0.5734375 0.421875 0.609375 0.4203125 0.6234375 0.421875 0.6265625 0.41875 0.634375 0.4203125 0.6625 0.4171875 0.66875 0.4109375 0.671875 0.4140625 0.675 0.41875 0.6734375 0.41875 0.68125 0.403125 0.6875 0.4015625 0.690625 0.39375 0.6921875 0.390625 0.696875 0.38125 0.703125 0.3703125 0.7046875 0.353125 0.696875 0.3515625 0.69375 0.35625 0.6859375 0.3515625 0.6828125 0.340625 0.68125 0.3359375 0.6734375 0.334375 0.6390625 0.33125 0.6296875 0.33125 0.6 0.3390625 0.5875 0.3421875 0.575 0.35 0.5640625 0.3546875 0.546875 0.3546875 0.5296875 0.3609375 0.5265625 0.36875 0.5265625
0 0.303125 0.521875 0.3078125 0.5234375 0.30625 0.5328125 0.309375 0.5375 0.3359375 0.5515625 0.340625 0.559375 0.340625 0.56875 0.33125 0.584375 0.328125 0.6015625 0.328125 0.6234375 0.33125 0.634375 0.33125 0.653125 0.3328125 0.6546875 0.3328125 0.6765625 0.328125 0.68125 0.3171875 0.68125 0.3078125 0.678125 0.2828125 0.68125 0.2765625 0.678125 0.2734375 0.6734375 0.2671875 0.65625 0.265625 0.6328125 0.2625 0.625 0.2671875 0.5828125 0.2546875 0.56875 0.253125 0.5609375 0.2640625 0.5484375 0.275 0.54375 0.2796875 0.5390625 0.28125 0.5234375 0.3015625 0.521875
1 0.371875 0.5328125 0.04140625 0.01796875
1 0.64609375 0.48203125 0.02890625 0.0125
1 0.29453125 0.5265625 0.03671875 0.0140625
2 0.378125 0.6546875 0.10078125 0.0515625
2 0.3 0.6484375 0.07578125 0.0375
2 0.64296875 0.5109375 0.04921875 0.025
2 0.37578125 0.559375 0.0640625 0.0296875
0 0.64296875 0.52109375 0.06171875 0.0953125
3 0.6359375 0.55390625 0.05234375 0.03046875