0 0.859375 0.2875 0.865625 0.2859375 0.8875 0.2875 0.8875 0.3 0.909375 0.3234375 0.9171875 0.328125 0.925 0.346875 0.925 0.3625 0.9234375 0.3640625 0.925 0.4 0.921875 0.4078125 0.925 0.428125 0.925 0.45 0.9171875 0.4546875 0.871875 0.4625 0.84375 0.4734375 0.834375 0.471875 0.83125 0.46875 0.83125 0.4625 0.828125 0.4578125 0.8296875 0.45 0.8265625 0.44375 0.8265625 0.4265625 0.828125 0.425 0.8265625 0.4109375 0.828125 0.371875 0.8265625 0.36875 0.828125 0.3671875 0.825 0.35 0.8328125 0.328125 0.8390625 0.325 0.8578125 0.3046875 0.8609375 0.296875 0.859375 0.2890625
0 0.971875 0.2875 0.984375 0.290625 0.984375 0.3 0.9984375 0.315625 0.9984375 0.44375 0.990625 0.4453125 0.959375 0.44375 0.94375 0.4453125 0.9390625 0.4484375 0.9296875 0.4453125 0.928125 0.4328125 0.9296875 0.41875 0.9265625 0.415625 0.928125 0.4109375 0.9265625 0.4078125 0.93125 0.39375 0.93125 0.378125 0.9265625 0.3703125 0.928125 0.3421875 0.93125 0.33125 0.940625 0.3234375 0.94375 0.3171875 0.95625 0.3046875 0.9578125 0.3 0.95625 0.2921875 0.959375 0.2890625 0.9703125 0.2875
0 0.6671875 0.5875 0.6796875 0.5890625 0.68125 0.5921875 0.6796875 0.5984375 0.69375 0.609375 0.696875 0.615625 0.6953125 0.6453125 0.7 0.6546875 0.696875 0.6640625 0.6984375 0.66875 0.6953125 0.675 0.696875 0.6875 0.69375 0.6953125 0.68125 0.69375 0.66875 0.6953125 0.6578125 0.690625 0.6546875 0.6921875 0.65625 0.68125 0.6546875 0.6796875 0.6515625 0.6828125 0.6515625 0.678125 0.65 0.6765625 0.6484375 0.678125 0.6515625 0.671875 0.646875 0.6703125 0.64375 0.6640625 0.6421875 0.6578125 0.64375 0.64375 0.6359375 0.625 0.6359375 0.6125 0.64375 0.6 0.6453125 0.5890625 0.665625 0.5875
0 0.8125 0.9265625 0.81875 0.928125 0.8203125 0.93125 0.8171875 0.9359375 0.7890625 0.9453125 0.7859375 0.95 0.7953125 0.9578125 0.8390625 0.9796875 0.85625 0.9921875 0.8609375 0.9984375 0.7015625 0.9984375 0.725 0.9640625 0.7359375 0.95625 0.7265625 0.946875 0.7265625 0.94375 0.7359375 0.9328125 0.7421875 0.9296875 0.75625 0.928125 0.8109375 0.9265625
1 0.675 0.5875 0.68125 0.590625 0.68125 0.5953125 0.675 0.5984375 0.64375 0.596875 0.6453125 0.5890625 0.6734375 0.5875
1 0.9578125 0.2875 0.984375 0.2875 0.9859375 0.290625 0.984375 0.296875 0.9609375 0.2984375 0.95625 0.2953125 0.9578125 0.2890625
1 0.77265625 0.9390625 0.09609375 0.028125
1 0.8875 0.284375 0.8890625 0.2859375 0.8875 0.29375 0.875 0.2953125 0.8609375 0.2953125 0.859375 0.2875 0.8625 0.284375 0.8859375 0.284375
2 0.9953125 0.375 0.9984375 0.378125 0.9984375 0.415625 0.996875 0.4171875 0.9984375 0.428125 0.9953125 0.4328125 0.9984375 0.44375 0.99375 0.4453125 0.953125 0.44375 0.940625 0.446875 0.934375 0.446875 0.928125 0.440625 0.9265625 0.40625 0.9296875 0.3796875 0.934375 0.3765625 0.94375 0.375 0.9671875 0.375 0.96875 0.3734375 0.9921875 0.3734375 0.99375 0.375
2 0.91875 0.3734375 0.925 0.3765625 0.925 0.41875 0.9234375 0.4203125 0.925 0.4453125 0.91875 0.446875 0.915625 0.4453125 0.83125 0.446875 0.828125 0.4453125 0.8265625 0.4390625 0.828125 0.4359375 0.8265625 0.434375 0.828125 0.3765625 0.840625 0.3734375 0.9171875 0.3734375
2 0.66640625 0.628125 0.0671875 0.04140625
3 0.6421875 0.6921875 0.6359375 0.6828125 0.6375 0.671875 0.64375 0.66875 0.675 0.66875 0.690625 0.665625 0.6984375 0.665625 0.7015625 0.671875 0.7 0.678125 0.7015625 0.6953125 0.6953125 0.7 0.6734375 0.7 0.6640625 0.6953125 0.64375 0.6921875
3 0.9796875 0.3234375 0.98125 0.325 0.9984375 0.325 0.9984375 0.371875 0.9640625 0.371875 0.934375 0.375 0.93125 0.375 0.928125 0.3703125 0.928125 0.346875 0.93125 0.3328125 0.940625 0.3265625 0.978125 0.3234375
3 0.26875 0.690625 0.3015625 0.6921875 0.3015625 0.7234375 0.3 0.725 0.290625 0.725 0.2796875 0.7203125 0.26875 0.703125 0.26875 0.6921875
3 0.9109375 0.3234375 0.915625 0.3265625 0.925 0.3484375 0.925 0.3609375 0.921875 0.375 0.9125 0.371875 0.85 0.371875 0.8328125 0.375 0.828125 0.3734375 0.8265625 0.3453125 0.834375 0.3265625 0.8421875 0.3234375 0.8640625 0.3234375 0.865625 0.321875 0.909375 0.3234375
3 0.3796875 0.690625 0.384375 0.69375 0.384375 0.7046875 0.3734375 0.7265625 0.3671875 0.73125 0.3546875 0.7296875 0.3515625 0.7125 0.3515625 0.6921875 0.378125 0.690625
3 0.3515625 0.6921875 0.3546875 0.690625 0.384375 0.6921875 0.384375 0.70625 0.378125 0.7140625 0.3734375 0.7265625 0.3671875 0.73125 0.3546875 0.7296875 0.3515625 0.69375
3 0.975 0.3203125 0.9796875 0.3234375 0.9984375 0.3234375 0.9984375 0.3984375 0.996875 0.4 0.9984375 0.4421875 0.99375 0.4453125 0.95625 0.44375 0.9453125 0.446875 0.93125 0.446875 0.928125 0.4359375 0.9265625 0.4078125 0.93125 0.378125 0.928125 0.365625 0.9296875 0.3375 0.93125 0.3328125 0.9421875 0.325 0.9640625 0.3234375 0.96875 0.3203125 0.9734375 0.3203125
3 0.8703125 0.321875 0.8765625 0.325 0.8859375 0.321875 0.9140625 0.325 0.91875 0.33125 0.925 0.3484375 0.9234375 0.371875 0.921875 0.3734375 0.9125 0.3703125 0.8515625 0.3703125 0.8390625 0.3734375 0.828125 0.3734375 0.825 0.353125 0.8328125 0.328125 0.8453125 0.3234375 0.86875 0.3234375