3 0.065625 0.6953125 0.13125 0.51875
3 0.27734375 0.70078125 0.43359375 0.5421875
3 0.6734375 0.69765625 0.43671875 0.5421875
3 0.92578125 0.67578125 0.1484375 0.54296875
3 0.48359375 0.4546875 0.19765625 0.10546875
3 0.1234375 0.459375 0.2 0.11328125
3 0.85625 0.44609375 0.1875 0.1
1 0.1140625 0.375 0.11328125 0.03125
1 0.2671875 0.375 0.18515625 0.04921875
1 0.46953125 0.36953125 0.0984375 0.03046875
1 0.66015625 0.36953125 0.1765625 0.05390625
1 0.85 0.36328125 0.11796875 0.03671875
1 0.975 0.3703125 0.04921875 0.06484375
2 0.06171875 0.82265625 0.12265625 0.134375
2 0.2859375 0.828125 0.4046875 0.1390625
2 0.6765625 0.82421875 0.40078125 0.14296875
2 0.9125 0.56953125 0.175 0.1234375
0 0.9265625 0.64296875 0.146875 0.6109375
0 0.0640625 0.6921875 0.128125 0.5234375
0 0.29453125 0.6625 0.3875 0.62578125
0 0.684375 0.65703125 0.38515625 0.6203125
0 0.4734375 0.41953125 0.18515625 0.16171875
0 0.1140625 0.41484375 0.19375 0.1375
0 0.853125 0.4125 0.1546875 0.165625