0 0.553125 0.19375 0.5578125 0.1953125 0.5578125 0.1984375 0.565625 0.20625 0.58125 0.2296875 0.5859375 0.2328125 0.590625 0.2515625 0.5890625 0.2625 0.571875 0.2734375 0.5515625 0.278125 0.534375 0.278125 0.5328125 0.2765625 0.534375 0.2640625 0.5421875 0.246875 0.5421875 0.2390625 0.546875 0.225 0.546875 0.2171875 0.553125 0.203125 0.553125 0.1953125
0 0.115625 0.140625 0.1296875 0.146875 0.16875 0.1546875 0.1734375 0.1578125 0.1734375 0.165625 0.1578125 0.1890625 0.1578125 0.259375 0.1609375 0.284375 0.15625 0.2859375 0.1453125 0.2859375 0.1203125 0.2796875 0.109375 0.2734375 0.0984375 0.2625 0.09375 0.2203125 0.096875 0.2125 0.0875 0.1875 0.0875 0.16875 0.0890625 0.1625 0.0984375 0.1515625 0.1015625 0.1421875 0.1046875 0.1390625 0.1140625 0.140625
0 0.4734375 0.0515625 0.4796875 0.053125 0.5015625 0.075 0.509375 0.078125 0.5140625 0.0828125 0.5125 0.0984375 0.503125 0.128125 0.4953125 0.1453125 0.4875 0.153125 0.4765625 0.159375 0.453125 0.1640625 0.415625 0.1625 0.4109375 0.1609375 0.4078125 0.1546875 0.4171875 0.1140625 0.4171875 0.1015625 0.421875 0.1015625 0.43125 0.1078125 0.446875 0.1109375 0.4546875 0.115625 0.4625 0.1140625 0.4609375 0.10625 0.45 0.0953125 0.4453125 0.084375 0.44375 0.065625 0.446875 0.059375 0.4515625 0.05625 0.471875 0.0515625
0 0.2765625 0 0.371875 0 0.3734375 0.003125 0.378125 0.003125 0.3796875 0 0.409375 0 0.4109375 0.00625 0.396875 0.034375 0.39375 0.053125 0.396875 0.059375 0.396875 0.0734375 0.4109375 0.0953125 0.4140625 0.10625 0.4046875 0.1578125 0.3953125 0.16875 0.3890625 0.171875 0.3609375 0.178125 0.321875 0.178125 0.28125 0.165625 0.265625 0.15625 0.2609375 0.15 0.2578125 0.1375 0.2609375 0.071875 0.2640625 0.0546875 0.2625 0.028125 0.2640625 0.01875 0.2765625 0.0015625
0 0 0.0453125 0.003125 0.0453125 0.0046875 0.0484375 0.00625 0.065625 0.015625 0.0953125 0.015625 0.096875 0 0.0953125 0 0.046875
0 0.528125 0 0.61875 0 0.621875 0.0109375 0.6171875 0.03125 0.6109375 0.0421875 0.6109375 0.05625 0.603125 0.071875 0.6046875 0.0765625 0.59375 0.0875 0.56875 0.1375 0.5484375 0.1484375 0.53125 0.1515625 0.5125 0.1515625 0.4984375 0.1484375 0.4984375 0.1421875 0.5125 0.10625 0.5171875 0.084375 0.5265625 0.0828125 0.534375 0.0765625 0.5234375 0.0640625 0.5328125 0.03125 0.5328125 0.015625 0.528125 0.0015625
0 0.5328125 0.159375 0.5453125 0.171875 0.55 0.1796875 0.5515625 0.2015625 0.546875 0.2125 0.54375 0.2328125 0.540625 0.2375 0.540625 0.246875 0.5296875 0.278125 0.521875 0.284375 0.5140625 0.2828125 0.484375 0.265625 0.484375 0.2453125 0.471875 0.2375 0.4734375 0.2234375 0.4765625 0.215625 0.4765625 0.1984375 0.471875 0.1875 0.4609375 0.171875 0.465625 0.16875 0.484375 0.1640625 0.5078125 0.1625 0.525 0.1578125 0.53125 0.159375
0 0.065625 0 0.1484375 0 0.15 0.003125 0.1484375 0.0203125 0.1515625 0.03125 0.153125 0.0921875 0.15625 0.1015625 0.159375 0.128125 0.1625 0.1328125 0.1609375 0.1359375 0.15 0.1375 0.1265625 0.134375 0.10625 0.128125 0.084375 0.115625 0.071875 0.0640625 0.0734375 0.05625 0.0703125 0.0515625 0.06875 0.0421875 0.065625 0.0015625
0 0.290625 0.1859375 0.3109375 0.19375 0.346875 0.19375 0.3703125 0.1875 0.3828125 0.2015625 0.3875 0.2171875 0.3875 0.23125 0.38125 0.25 0.378125 0.271875 0.3671875 0.2828125 0.346875 0.29375 0.3375 0.303125 0.3328125 0.3140625 0.3328125 0.325 0.328125 0.328125 0.2984375 0.328125 0.2796875 0.321875 0.2734375 0.321875 0.259375 0.315625 0.25 0.30625 0.246875 0.2765625 0.246875 0.25625 0.25 0.2453125 0.25 0.2140625 0.2578125 0.1984375 0.2734375 0.1828125 0.278125 0.18125 0.2890625 0.1859375
0 0.1703125 0 0.2046875 0 0.20625 0.003125 0.225 0.003125 0.2265625 0 0.2703125 0 0.2703125 0.0046875 0.2609375 0.01875 0.2609375 0.0453125 0.259375 0.046875 0.2609375 0.0625 0.2546875 0.1140625 0.2546875 0.1359375 0.259375 0.1546875 0.2453125 0.1578125 0.21875 0.15625 0.1875 0.1484375 0.16875 0.1375 0.1640625 0.13125 0.159375 0.1171875 0.159375 0.103125 0.1546875 0.0875 0.1546875 0.046875 0.153125 0.0453125 0.1546875 0.028125 0.1515625 0.021875 0.1515625 0.0046875 0.1703125 0.0015625
0 0.075 0.2328125 0.08125 0.2375 0.0875 0.2484375 0.0890625 0.2546875 0.0875 0.265625 0.103125 0.3078125 0.1015625 0.3109375 0.0921875 0.31875 0.0421875 0.3328125 0.0078125 0.3453125 0 0.3453125 0 0.234375 0.0109375 0.234375 0.0421875 0.228125 0.06875 0.228125 0.0734375 0.2328125
0 0.009375 0 0.0625 0 0.0625 0.015625 0.0671875 0.0484375 0.0703125 0.05625 0.0703125 0.06875 0.0796875 0.1015625 0.0796875 0.109375 0.0828125 0.1140625 0.08125 0.1171875 0.065625 0.1171875 0.0515625 0.1140625 0.0390625 0.10625 0.01875 0.0984375 0.015625 0.09375 0.009375 0.06875 0.009375 0.05625 0.003125 0.04375 0.003125 0.0296875 0 0.028125 0 0.009375 0.009375 0.0015625
0 0.178125 0.1578125 0.1890625 0.1578125 0.2234375 0.1703125 0.2453125 0.1734375 0.2671875 0.1796875 0.265625 0.1875 0.25 0.20625 0.246875 0.2171875 0.246875 0.246875 0.2453125 0.2484375 0.246875 0.303125 0.2453125 0.30625 0.24375 0.3078125 0.20625 0.3078125 0.1921875 0.3046875 0.171875 0.29375 0.1640625 0.2859375 0.1609375 0.2734375 0.159375 0.1890625 0.1734375 0.1703125 0.178125 0.159375
0 0.071875 0.13125 0.0828125 0.134375 0.09375 0.134375 0.1015625 0.1390625 0.096875 0.1515625 0.0890625 0.1609375 0.0859375 0.1859375 0.078125 0.171875 0.078125 0.1671875 0.0671875 0.1390625 0.0671875 0.1328125 0.0703125 0.13125
0 0.45625 0.171875 0.4671875 0.184375 0.475 0.2 0.475 0.2125 0.46875 0.2359375 0.4625 0.2375 0.446875 0.234375 0.4265625 0.2375 0.41875 0.2453125 0.415625 0.2609375 0.3859375 0.2734375 0.3828125 0.2734375 0.38125 0.265625 0.3828125 0.2546875 0.3890625 0.2375 0.390625 0.2203125 0.3859375 0.2046875 0.375 0.1875 0.3796875 0.184375 0.396875 0.1828125 0.4109375 0.178125 0.4203125 0.178125 0.44375 0.171875 0.4546875 0.171875
1 0.45078125 0.2484375 0.06484375 0.0265625
1 0.42265625 0.6453125 0.04296875 0.01328125
2 0.5578125 0.1984375 0.5796875 0.2265625 0.5703125 0.2296875 0.5484375 0.228125 0.546875 0.225 0.553125 0.2 0.55625 0.1984375
2 0.103125 0.1984375 0.1421875 0.2046875 0.1546875 0.203125 0.1578125 0.20625 0.15625 0.2328125 0.1328125 0.2328125 0.103125 0.225 0.096875 0.2171875 0.0953125 0.2078125 0.0953125 0.2 0.1015625 0.1984375
2 0.45625 0.059375 0.465625 0.0625 0.4859375 0.0609375 0.5125 0.0828125 0.5109375 0.0875 0.5 0.0953125 0.4625 0.1 0.45625 0.1 0.45 0.09375 0.4453125 0.08125 0.44375 0.0703125 0.4453125 0.0625 0.45 0.059375 0.4546875 0.059375
2 0.3046875 0.0640625 0.3390625 0.071875 0.3578125 0.071875 0.359375 0.0734375 0.39375 0.071875 0.396875 0.0734375 0.409375 0.0921875 0.4109375 0.1015625 0.3984375 0.1078125 0.3796875 0.1078125 0.3640625 0.1109375 0.321875 0.109375 0.30625 0.103125 0.290625 0.1 0.26875 0.0890625 0.2609375 0.078125 0.2625 0.0609375 0.265625 0.05625 0.2765625 0.05625 0.303125 0.0640625
2 0.265625 0.2359375 0.278125 0.240625 0.3015625 0.2421875 0.3140625 0.2453125 0.3453125 0.2453125 0.346875 0.24375 0.3796875 0.2421875 0.3796875 0.2609375 0.3765625 0.265625 0.35625 0.271875 0.31875 0.2734375 0.3171875 0.275 0.3 0.2734375 0.265625 0.265625 0.253125 0.253125 0.2515625 0.2484375 0.2515625 0.2375 0.2546875 0.234375 0.2640625 0.2359375
2 0.3390625 0.3375 0.346875 0.34375 0.3671875 0.353125 0.390625 0.3578125 0.396875 0.35625 0.403125 0.359375 0.4109375 0.359375 0.4265625 0.3640625 0.4484375 0.3640625 0.45 0.365625 0.4515625 0.3640625 0.4859375 0.3640625 0.5046875 0.359375 0.515625 0.359375 0.5265625 0.35625 0.5390625 0.3484375 0.5421875 0.35 0.5328125 0.39375 0.5234375 0.4046875 0.50625 0.4109375 0.46875 0.4171875 0.4296875 0.4171875 0.3828125 0.4109375 0.346875 0.396875 0.340625 0.390625 0.3375 0.38125 0.3375 0.340625 0.3390625 0.3390625
2 0.5375 0.046875 0.5640625 0.0515625 0.5859375 0.0515625 0.609375 0.04375 0.609375 0.0546875 0.596875 0.06875 0.5921875 0.08125 0.5859375 0.084375 0.565625 0.0875 0.5453125 0.0875 0.53125 0.084375 0.534375 0.0734375 0.5234375 0.0640625 0.5234375 0.059375 0.528125 0.046875 0.5296875 0.0453125 0.5359375 0.046875
2 0.0875 0.0234375 0.103125 0.028125 0.1484375 0.0328125 0.1515625 0.0390625 0.15 0.0453125 0.1515625 0.0671875 0.15 0.06875 0.121875 0.06875 0.1078125 0.0640625 0.0921875 0.0625 0.08125 0.0578125 0.0703125 0.0390625 0.0703125 0.025 0.0734375 0.021875 0.0859375 0.0234375
2 0.478125 0.2140625 0.49375 0.2171875 0.5453125 0.2140625 0.540625 0.234375 0.5375 0.2375 0.525 0.2390625 0.5140625 0.24375 0.484375 0.2453125 0.471875 0.2375 0.471875 0.2296875 0.4765625 0.215625
2 0.1703125 0.0375 0.1953125 0.046875 0.225 0.05 0.259375 0.05 0.2609375 0.0640625 0.2578125 0.084375 0.25625 0.0875 0.25 0.0890625 0.2046875 0.0875 0.1828125 0.078125 0.165625 0.075 0.15625 0.065625 0.1546875 0.04375 0.1578125 0.0375 0.16875 0.0375
2 0.353125 0.5828125 0.38125 0.596875 0.4296875 0.6046875 0.4640625 0.6015625 0.46875 0.5984375 0.4828125 0.5953125 0.503125 0.5828125 0.5015625 0.603125 0.4921875 0.615625 0.4703125 0.6265625 0.446875 0.63125 0.4078125 0.63125 0.371875 0.6203125 0.359375 0.6140625 0.3546875 0.6078125 0.353125 0.584375
2 0.015625 0.0078125 0.0296875 0.0140625 0.0484375 0.0140625 0.0609375 0.0171875 0.0640625 0.0203125 0.065625 0.0515625 0.0515625 0.0515625 0.0125 0.04375 0.003125 0.0296875 0 0.028125 0 0.009375 0.0140625 0.0078125
2 0.0875 0.2671875 0.096875 0.2921875 0.090625 0.3 0.0734375 0.3078125 0.034375 0.315625 0 0.3109375 0 0.2765625 0.0140625 0.278125 0.0171875 0.2765625 0.028125 0.278125 0.059375 0.2765625 0.0859375 0.2671875
2 0.171875 0.2171875 0.1921875 0.2234375 0.2453125 0.2265625 0.246875 0.2296875 0.2453125 0.2515625 0.24375 0.2546875 0.2375 0.25625 0.2078125 0.25625 0.165625 0.24375 0.1609375 0.2375 0.159375 0.2234375 0.1625 0.2171875 0.1703125 0.2171875
2 0.4 0.2296875 0.4125 0.2328125 0.4546875 0.23125 0.465625 0.234375 0.434375 0.2359375 0.4234375 0.2390625 0.41875 0.2453125 0.415625 0.2609375 0.3984375 0.2609375 0.3890625 0.259375 0.384375 0.25625 0.390625 0.23125 0.3984375 0.2296875
0 0.44140625 0.3609375 0.21953125 0.25234375
0 0.42890625 0.56796875 0.17578125 0.1625
3 0.3703071890625 0.5001216734375 0.41055773437500004 0.510336484375 0.4815882359375 0.5010283609374999 0.5044758796875 0.49081355000000004 0.5226280734375 0.4663865546875 0.5234173671875 0.4468450625 0.5242063484374999 0.424194678125 0.5289417984375 0.38422338906250003 0.5344665421875 0.3575758046875 0.5486725796874999 0.32026925781250004 0.5399909734375 0.3042808125 0.5131571734375 0.28651575625 0.5036865859375 0.29273354375 0.463436040625 0.297618871875 0.417660753125 0.29228939062500003 0.3931948328125 0.27052731093750004 0.37819950156250004 0.27939128125 0.3513660125 0.29493575 0.3332135078125 0.3184742640625 0.3371596640625 0.3633310578125 0.3340028015625 0.41351715625 0.3489981328125 0.443273634375 0.3482088390625 0.4712535015625 0.3537335828125 0.49390388593749995 0.3703071890625 0.5001216734375
3 0.41134702812499996 0.6416868 0.45001929687500003 0.6412428218749999 0.47290662968749997 0.6305836828125 0.4957942734375 0.612818628125 0.5021079984375 0.5897242640625 0.5028972921875 0.5613000703125001 0.5068434484375001 0.5288790265625 0.5123681921875 0.4937930671875 0.5076327421875 0.49601365468749997 0.4847450984375 0.5142228640625001 0.46027917812499997 0.52132878125 0.414503890625 0.523993521875 0.3908272640625 0.521772934375 0.3466305640625 0.5022314421875 0.3458412703125 0.504007878125 0.3497874265625 0.5204406515625 0.3600473078125 0.5404262953125001 0.3632041703125 0.554194153125 0.3568904453125 0.586615371875 0.3576797390625 0.6114863453125 0.36872891406249997 0.6230336140625 0.3829349515625 0.6336925765625 0.41134702812499996 0.6416868