0 0.63125 0.55625 0.6515625 0.5625 0.6625 0.571875 0.665625 0.58125 0.665625 0.5953125 0.66875 0.6015625 0.6671875 0.615625 0.696875 0.6359375 0.725 0.6640625 0.7328125 0.678125 0.7375 0.7 0.734375 0.7234375 0.7296875 0.73125 0.728125 0.7421875 0.721875 0.75625 0.7140625 0.7921875 0.7125 0.825 0.7171875 0.8390625 0.7140625 0.85625 0.709375 0.865625 0.6859375 0.8890625 0.65625 0.903125 0.6390625 0.90625 0.63125 0.9046875 0.621875 0.90625 0.59375 0.8953125 0.5671875 0.8796875 0.5625 0.871875 0.55 0.8421875 0.5453125 0.81875 0.546875 0.7953125 0.53125 0.74375 0.521875 0.7234375 0.5171875 0.6984375 0.51875 0.68125 0.5234375 0.6671875 0.5375 0.6453125 0.5546875 0.63125 0.5578125 0.63125 0.58125 0.6171875 0.584375 0.609375 0.5828125 0.6078125 0.584375 0.6 0.5828125 0.5953125 0.584375 0.5828125 0.5828125 0.58125 0.5875 0.571875 0.5953125 0.5640625 0.603125 0.5625 0.609375 0.5578125 0.6296875 0.55625
0 0.71875 0.4640625 0.7390625 0.46875 0.7484375 0.475 0.7515625 0.4828125 0.753125 0.503125 0.7640625 0.5109375 0.78125 0.51875 0.8015625 0.5375 0.8109375 0.5640625 0.809375 0.5828125 0.8046875 0.59375 0.803125 0.609375 0.79375 0.640625 0.7953125 0.64375 0.79375 0.6515625 0.778125 0.6890625 0.7796875 0.6921875 0.775 0.7078125 0.775 0.73125 0.771875 0.7421875 0.7625 0.7546875 0.725 0.771875 0.7234375 0.771875 0.7234375 0.7640625 0.7265625 0.759375 0.7328125 0.73125 0.7375 0.7234375 0.740625 0.70625 0.7390625 0.6890625 0.7296875 0.665625 0.7046875 0.6375 0.690625 0.6296875 0.6828125 0.621875 0.675 0.61875 0.66875 0.5953125 0.66875 0.5828125 0.6640625 0.5703125 0.6578125 0.5640625 0.64375 0.55625 0.615625 0.5515625 0.625 0.5296875 0.6328125 0.521875 0.65625 0.5078125 0.6765625 0.50625 0.6828125 0.4921875 0.6828125 0.48125 0.6859375 0.4765625 0.7015625 0.4671875 0.7171875 0.4640625
0 0.3953125 0.7625 0.415625 0.765625 0.4234375 0.7765625 0.4375 0.7875 0.4578125 0.7875 0.4671875 0.7921875 0.4734375 0.7921875 0.4875 0.7984375 0.4921875 0.7984375 0.515625 0.8109375 0.540625 0.834375 0.540625 0.8390625 0.54375 0.8453125 0.5484375 0.8484375 0.5546875 0.8625 0.5609375 0.890625 0.5640625 0.91875 0.5703125 0.9359375 0.56875 0.9671875 0.575 0.9734375 0.5765625 0.978125 0.575 0.996875 0.571875 0.99375 0.5609375 0.9953125 0.5625 0.990625 0.5671875 0.9875 0.56875 0.9921875 0.5734375 0.9890625 0.5640625 0.9796875 0.5625 0.98125 0.5640625 0.984375 0.5609375 0.984375 0.5578125 0.9875 0.5578125 0.9921875 0.55 0.9984375 0.3640625 0.9984375 0.35 0.984375 0.35 0.98125 0.3421875 0.9765625 0.3265625 0.9609375 0.315625 0.946875 0.30625 0.9234375 0.3046875 0.9125 0.30625 0.8796875 0.3125 0.8671875 0.3125 0.859375 0.31875 0.8453125 0.3390625 0.8171875 0.3375 0.8140625 0.3390625 0.8125 0.3375 0.8078125 0.3390625 0.7859375 0.3484375 0.7734375 0.3609375 0.765625 0.365625 0.765625 0.375 0.7609375 0.3921875 0.7609375 0.39375 0.7625
1 0.35952877031249997 0.7534650296875001 0.31599371718749997 0.796337796875 0.34411011875 0.831724703125 0.41122652187500003 0.8330858140625 0.41938955 0.8324052578125001 0.4438779765625 0.7922547125 0.414854496875 0.7589092265625 0.35952877031249997 0.7534650296875001
1 0.6742506609375 0.6091951890625 0.678785384375 0.5860575390625 0.661552909375 0.5574756937500001 0.6406924609375 0.5547537203124999 0.6007853843750001 0.5561145828125 0.58445965625 0.573808284375 0.579924603125 0.606472965625 0.5993356484375 0.6202663687500001 0.64432010625 0.6255275296875 0.6742506609375 0.6091951890625
1 0.760413690625 0.49418749999999995 0.7540648140624999 0.47717460312500004 0.7295763890625 0.4656056546875 0.6914831343750001 0.46424454375 0.6751574078125 0.479896578125 0.67787830625 0.509839534375 0.7096226859375 0.5193665671875001 0.7377390875 0.5193665671875001 0.760413690625 0.49418749999999995
2 0.540924603125 0.9541331843749999 0.423924271875 0.9942837296875 0.538203703125 0.999751984375 0.57538988125 0.9595773812499999 0.561785053125 0.8670267859375 0.5626921296875 0.8922061015624999 0.540924603125 0.9541331843749999
2 0.673343584375 0.8412519843749999 0.7114368390625 0.8256001984375001 0.715064484375 0.7684365078125001 0.7268554890625001 0.7412157734375 0.657924934375 0.7684365078125001 0.58445965625 0.765714534375 0.538203703125 0.74938194375 0.53638955 0.7997403281250001 0.5445525796874999 0.831044146875 0.673343584375 0.8412519843749999
2 0.7186924609374999 0.6561510421875 0.7477159390625 0.7010652281249999 0.7839950390625 0.6874548609375 0.8139252640624999 0.5860575390625 0.778553240625 0.6180419140625 0.678785384375 0.617361359375 0.6660876328125 0.62280555625 0.68694808125 0.637777034375 0.7186924609374999 0.6561510421875
3 0.508273478125 0.8078499499999999 0.511901125 0.833029265625 0.5146223546875001 0.8677356156249999 0.5091802249999999 0.9010811015625 0.45748247343750004 0.9446341765625 0.3912731484375 0.9425927578125 0.3185343921875 0.89344915625 0.3150869703125 0.8663745046875 0.303295965625 0.889512153125 0.31599371718749997 0.9228576390625 0.3250634921875 0.9534809031249999 0.354994046875 0.999751984375 0.579924603125 0.9943120046875 0.5654130296875 0.96845238125 0.559064153125 0.9276212796875001 0.55725033125 0.8806654265624999 0.5463664015624999 0.8473201890625001 0.508273478125 0.8078499499999999
3 0.7050879625 0.8690967265625 0.7114368390625 0.844597965625 0.705994709375 0.8173772328125001 0.7114368390625 0.783351190625 0.7186924609374999 0.7479642859375 0.730483134375 0.7139384921875 0.7286693125 0.6717462796875 0.6996458328124999 0.6377202375000001 0.6978320109375 0.66017733125 0.676064484375 0.6867177578125 0.6152969578125 0.697605903125 0.5635992062499999 0.6669826390625 0.5616054890625 0.632238590625 0.538203703125 0.6513306046875 0.520064153125 0.6860372031249999 0.522785053125 0.7187021328125 0.5418316796875 0.7459228671875 0.54818055625 0.781990328125 0.5536223546875 0.82758506875 0.561785053125 0.8609305562499999 0.591715278125 0.8847485125000001 0.6225525796875 0.9031225203125001 0.6688085312500001 0.89427579375 0.7050879625 0.8690967265625
3 0.7740181875000001 0.6793452375 0.8075763890625 0.600405009375 0.8084834656250001 0.556851934375 0.799413690625 0.537116815625 0.7858111765625 0.5272103171875 0.778553240625 0.568420634375 0.7295763890625 0.590877728125 0.687855159375 0.590877728125 0.666994709375 0.5997244546875 0.682413359375 0.6242232140625 0.7250413359375 0.664373759375 0.742273809375 0.70452430625 0.7341111109375 0.7303841765625 0.7186924609374999 0.7623685515624999 0.7613204359375 0.7460359624999999 0.7740181875000001 0.728342509375 0.7740181875000001 0.6793452375