1 0.28046875 0.35234375 0.10390625 0.03515625
1 0.046875 0.3515625 0.09296875 0.0359375
1 0.54453125 0.36875 0.0859375 0.0296875
1 0.75625 0.37734375 0.0875 0.0234375
1 0.90078125 0.3875 0.07578125 0.025
1 0.99140625 0.39765625 0.01640625 0.0203125
1 0.61953125 0.39140625 0.06796875 0.0265625
1 0.665625 0.409375 0.0515625 0.01875
1 0.434375 0.384375 0.071875 0.0265625
1 0.37734375 0.39765625 0.0640625 0.021875
1 0.22421875 0.375 0.059375 0.0296875
1 0.1859375 0.390625 0.0484375 0.02578125
1 0.83984375 0.9671875 0.10390625 0.05234375
1 0.9609375 0.94453125 0.078125 0.05
1 0.6640625 0.94765625 0.09296875 0.040625
1 0.80859375 0.915625 0.0921875 0.046875
1 0.93359375 0.896875 0.0890625 0.0359375
2 0.25703125 0.0546875 0.2109375 0.109375
2 0.0796875 0.053125 0.159375 0.10625
2 0.50078125 0.10390625 0.2234375 0.1484375
2 0.9546875 0.175 0.0890625 0.121875
2 0.853125 0.16171875 0.16015625 0.11484375
2 0.7 0.1296875 0.20234375 0.13671875
2 0.38203125 0.15703125 0.046875 0.1140625
2 0.29296875 0.5921875 0.246875 0.14921875
2 0.084375 0.59453125 0.16875 0.1515625
2 0.534375 0.6859375 0.22421875 0.128125
2 0.740625 0.6734375 0.21953125 0.13359375
2 0.91484375 0.65546875 0.1703125 0.125
2 0.4125 0.6609375 0.0421875 0.1265625
3 0.0796875 0.665625 0.159375 0.4296875
3 0.2859375 0.6546875 0.2625 0.42734375
3 0.5328125 0.63125 0.2375 0.40859375
3 0.746875 0.62734375 0.2 0.37578125
3 0.9109375 0.6171875 0.171875 0.35
3 0.259375 0.16484375 0.2046875 0.1453125
3 0.0734375 0.14765625 0.146875 0.14921875
3 0.49609375 0.12890625 0.1921875 0.25703125
3 0.3765625 0.11953125 0.04375 0.2390625
3 0.6796875 0.1359375 0.18984375 0.27109375
3 0.84375 0.13984375 0.14453125 0.2796875
3 0.95390625 0.14609375 0.0921875 0.2921875
3 0.66015625 0.99296875 0.13828125 0.0140625
3 0.7640625 0.975 0.05703125 0.04765625
3 0.95 0.984375 0.1 0.03125
3 0.909375 0.94140625 0.0875 0.040625
0 0.6609375 0.9640625 0.146875 0.071875
0 0.83671875 0.975 0.1578125 0.05
0 0.8015625 0.94296875 0.13984375 0.11328125
0 0.95 0.95859375 0.1 0.0828125
0 0.925 0.93125 0.1296875 0.115625
0 0.08203125 0.60390625 0.1640625 0.55390625
0 0.27890625 0.60390625 0.2484375 0.53203125
0 0.53515625 0.59375 0.2578125 0.4953125
0 0.7484375 0.5953125 0.20390625 0.4515625
0 0.91171875 0.584375 0.1546875 0.4140625
0 0.95 0.14609375 0.1 0.2921875
0 0.84453125 0.14296875 0.1484375 0.2859375
0 0.6828125 0.1359375 0.184375 0.27109375
0 0.5078125 0.12890625 0.225 0.2578125
0 0.3859375 0.11875 0.0390625 0.2375
0 0.2640625 0.11796875 0.1984375 0.23515625
0 0.07578125 0.11171875 0.15078125 0.2234375