1 0.225 0.4359375 0.2296875 0.434375 0.275 0.434375 0.278125 0.4390625 0.2765625 0.446875 0.26875 0.4546875 0.2375 0.45625 0.2265625 0.453125 0.2234375 0.45 0.225 0.4375
1 0.615625 0.38125 0.615625 0.378125 0.6203125 0.375 0.6703125 0.3765625 0.671875 0.38125 0.6703125 0.39375 0.66875 0.396875 0.6609375 0.3984375 0.6359375 0.3984375 0.6328125 0.39375 0.6328125 0.3875 0.6296875 0.384375 0.6171875 0.38125
1 0.790625 0.365625 0.7921875 0.3765625 0.7875 0.384375 0.784375 0.384375 0.7765625 0.3765625 0.734375 0.3765625 0.734375 0.3734375 0.7515625 0.365625 0.775 0.365625 0.7765625 0.3640625 0.7890625 0.365625
1 0.4359375 0.375 0.4375 0.390625 0.4359375 0.39375 0.43125 0.3953125 0.390625 0.3953125 0.3859375 0.39375 0.3828125 0.3890625 0.3828125 0.3796875 0.3875 0.3734375 0.4328125 0.3734375 0.434375 0.375
1 0.9953125 0.3625 0.9984375 0.3671875 0.9828125 0.36875 0.978125 0.3734375 0.975 0.384375 0.965625 0.3828125 0.959375 0.378125 0.9609375 0.36875 0.9671875 0.3625 0.99375 0.3625
1 0.8953125 0.359375 0.9109375 0.35625 0.921875 0.35625 0.925 0.359375 0.9234375 0.365625 0.9171875 0.36875 0.8984375 0.365625 0.8953125 0.3609375
1 0.165625 0.453125 0.1703125 0.4578125 0.171875 0.4640625 0.1703125 0.4671875 0.1609375 0.471875 0.15625 0.4796875 0.1109375 0.478125 0.10625 0.4734375 0.10625 0.4609375 0.1125 0.45625 0.1328125 0.4515625 0.1640625 0.453125
1 0.7796875 0.378125 0.7828125 0.3828125 0.7828125 0.3921875 0.7796875 0.4015625 0.7765625 0.403125 0.71875 0.4015625 0.7171875 0.4 0.7171875 0.384375 0.721875 0.3796875 0.7296875 0.378125 0.778125 0.378125
1 0.5671875 0.371875 0.5703125 0.375 0.5703125 0.38125 0.5609375 0.3921875 0.534375 0.3921875 0.528125 0.3734375 0.534375 0.3703125 0.565625 0.371875
1 0.2109375 0.4671875 0.228125 0.4703125 0.23125 0.4734375 0.23125 0.4875 0.2265625 0.4890625 0.2203125 0.496875 0.1984375 0.5 0.1796875 0.5 0.1640625 0.496875 0.159375 0.490625 0.159375 0.4765625 0.1609375 0.4734375 0.171875 0.46875 0.209375 0.4671875
1 0.5046875 0.3671875 0.5078125 0.3703125 0.50625 0.3765625 0.4734375 0.378125 0.4703125 0.38125 0.45625 0.378125 0.453125 0.3703125 0.4578125 0.3671875 0.503125 0.3671875
1 0.2796875 0.4859375 0.28125 0.4875 0.296875 0.4875 0.303125 0.4953125 0.3046875 0.509375 0.3015625 0.5171875 0.296875 0.5203125 0.26875 0.5234375 0.2484375 0.5234375 0.228125 0.5203125 0.2234375 0.5125 0.221875 0.496875 0.2265625 0.490625 0.2359375 0.4875 0.278125 0.4859375
1 0.3625 0.371875 0.3640625 0.3796875 0.3609375 0.3859375 0.35 0.3890625 0.321875 0.3890625 0.315625 0.384375 0.315625 0.3734375 0.3203125 0.3703125 0.359375 0.3703125 0.3609375 0.371875
1 0.0625 0.5015625 0.06875 0.503125 0.075 0.5109375 0.0765625 0.5171875 0.075 0.534375 0.065625 0.5390625 0.0296875 0.54375 0 0.5421875 0 0.5046875 0.01875 0.5015625 0.0609375 0.5015625
1 0.4703125 0.471875 0.4796875 0.4734375 0.4828125 0.4765625 0.484375 0.4953125 0.48125 0.5015625 0.4609375 0.5046875 0.4328125 0.5046875 0.4140625 0.5015625 0.4109375 0.4953125 0.4109375 0.48125 0.4140625 0.475 0.4265625 0.471875 0.46875 0.471875
1 0.9984375 0.3671875 0.9984375 0.390625 0.9765625 0.3890625 0.978125 0.3734375 0.9828125 0.36875 0.996875 0.3671875
1 0.20625 0.425 0.209375 0.428125 0.209375 0.4390625 0.20625 0.4421875 0.1796875 0.4453125 0.16875 0.44375 0.1625 0.4390625 0.159375 0.43125 0.1609375 0.425 0.1640625 0.4234375 0.2046875 0.425
1 0 0.4796875 0.015625 0.4796875 0.021875 0.484375 0.0234375 0.4890625 0.0234375 0.5 0.0125 0.503125 0 0.503125 0 0.48125
1 0.8875 0.3625 0.8890625 0.365625 0.884375 0.3671875 0.86875 0.3671875 0.8546875 0.371875 0.846875 0.3703125 0.8484375 0.3625 0.853125 0.359375 0.8859375 0.3625
1 0.6171875 0.3828125 0.6265625 0.384375 0.63125 0.3875 0.63125 0.4046875 0.628125 0.409375 0.621875 0.4109375 0.5703125 0.4109375 0.565625 0.4078125 0.5640625 0.3921875 0.56875 0.3859375 0.5921875 0.3828125 0.615625 0.3828125
1 0.87734375 0.38125 0.0640625 0.02890625
1 0.36875 0.4578125 0.3953125 0.4609375 0.3984375 0.46875 0.3984375 0.4796875 0.3953125 0.484375 0.3734375 0.4875 0.3703125 0.4859375 0.3671875 0.4875 0.3390625 0.4859375 0.334375 0.4828125 0.3328125 0.478125 0.3328125 0.4625 0.334375 0.4609375 0.3671875 0.4578125
1 0.2203125 0.3734375 0.2234375 0.371875 0.2625 0.371875 0.2640625 0.3734375 0.2640625 0.378125 0.2578125 0.3828125 0.23125 0.3828125 0.221875 0.3796875 0.2203125 0.375
1 0.3265625 0.446875 0.3296875 0.453125 0.3296875 0.4640625 0.325 0.46875 0.3078125 0.46875 0.30625 0.4703125 0.275 0.46875 0.2703125 0.4640625 0.2703125 0.453125 0.28125 0.4453125 0.3234375 0.4453125 0.325 0.446875
1 0.1015625 0.45078125 0.06015625 0.02578125
1 0.528125 0.3796875 0.53125 0.3859375 0.5296875 0.4 0.5234375 0.403125 0.4765625 0.403125 0.4703125 0.3984375 0.4703125 0.3828125 0.475 0.3796875 0.496875 0.3796875 0.4984375 0.378125 0.5265625 0.3796875
1 0.0703125 0.43125 0.0734375 0.4390625 0.071875 0.4453125 0.0515625 0.45 0.0328125 0.45 0.0234375 0.446875 0.0203125 0.4390625 0.021875 0.4328125 0.0296875 0.428125 0.065625 0.428125 0.06875 0.43125
1 0.9671875 0.3578125 0.96875 0.359375 0.9609375 0.3671875 0.959375 0.3734375 0.953125 0.3765625 0.940625 0.3765625 0.93125 0.3734375 0.9265625 0.3671875 0.9296875 0.359375 0.9328125 0.3578125 0.965625 0.3578125
2 0.625 0 0.771875 0 0.7734375 0.003125 0.7859375 0.003125 0.7875 0 0.7984375 0 0.7953125 0.08125 0.7921875 0.090625 0.790625 0.121875 0.7875 0.1234375 0.753125 0.115625 0.721875 0.115625 0.7203125 0.1140625 0.7125 0.115625 0.7109375 0.1140625 0.6671875 0.1140625 0.6640625 0.1125 0.65 0.115625 0.615625 0.1171875 0.6140625 0.115625 0.6140625 0.0984375 0.6171875 0.09375 0.6140625 0.0875 0.6171875 0.078125 0.6171875 0.0609375 0.6203125 0.053125 0.621875 0.009375 0.625 0.0015625
2 0.6796875 0.9484375 0.6796875 0.98125 0.68125 0.9828125 0.6796875 0.9984375 0.540625 0.9984375 0.5375 0.984375 0.5390625 0.9640625 0.55 0.9671875 0.590625 0.971875 0.628125 0.9703125 0.6375 0.96875 0.6515625 0.9625 0.6609375 0.9625 0.678125 0.9484375
2 0.8140625 0.05625 0.821875 0.0578125 0.8234375 0.0609375 0.821875 0.0625 0.821875 0.0921875 0.81875 0.10625 0.8171875 0.1515625 0.8140625 0.1578125 0.8125 0.159375 0.796875 0.159375 0.79375 0.1578125 0.7921875 0.146875 0.7921875 0.1203125 0.796875 0.08125 0.796875 0.0609375 0.8 0.05625 0.8125 0.0578125
2 0.4078125 0 0.559375 0 0.5609375 0.003125 0.5640625 0.003125 0.565625 0 0.603125 0 0.6046875 0.003125 0.609375 0.003125 0.6109375 0.0078125 0.609375 0.075 0.60625 0.10625 0.6015625 0.109375 0.59375 0.1046875 0.5796875 0.1015625 0.51875 0.0953125 0.490625 0.096875 0.4796875 0.09375 0.478125 0.0953125 0.4546875 0.0953125 0.421875 0.1 0.40625 0.1 0.403125 0.0921875 0.403125 0.0359375 0.40625 0.03125 0.4078125 0.021875 0.4078125 0.0015625
2 0.8140625 0.9125 0.8140625 0.91875 0.809375 0.921875 0.8109375 0.9296875 0.8015625 0.934375 0.8 0.9390625 0.796875 0.9390625 0.7921875 0.9453125 0.79375 0.9546875 0.803125 0.95625 0.8015625 0.9640625 0.7953125 0.965625 0.7953125 0.9734375 0.8015625 0.975 0.8015625 0.984375 0.8078125 0.9953125 0.8015625 0.9984375 0.740625 0.9984375 0.7375 0.9953125 0.7171875 0.9953125 0.70625 0.9984375 0.703125 0.996875 0.6953125 0.9984375 0.690625 0.9953125 0.6859375 0.9984375 0.6859375 0.9859375 0.6828125 0.975 0.68125 0.9203125 0.7203125 0.925 0.7296875 0.928125 0.740625 0.928125 0.790625 0.921875 0.803125 0.915625 0.8125 0.9140625
2 0.515625 0.5484375 0.5640625 0.5546875 0.659375 0.5546875 0.6921875 0.5484375 0.69375 0.55 0.6921875 0.5640625 0.6953125 0.5796875 0.6921875 0.6484375 0.6859375 0.6546875 0.653125 0.6625 0.590625 0.6640625 0.5890625 0.6625 0.55625 0.6609375 0.5484375 0.65625 0.5484375 0.6234375 0.546875 0.621875 0.546875 0.603125 0.54375 0.59375 0.515625 0.55
2 0.8171875 0.8875 0.8640625 0.89375 0.8796875 0.8921875 0.9 0.8921875 0.9015625 0.89375 0.915625 0.890625 0.928125 0.884375 0.9375 0.884375 0.9328125 0.89375 0.925 0.8953125 0.921875 0.8984375 0.9 0.9015625 0.890625 0.90625 0.88125 0.90625 0.8671875 0.9125 0.8578125 0.9125 0.85 0.9171875 0.8421875 0.9171875 0.834375 0.9203125 0.8234375 0.9203125 0.8203125 0.9171875 0.8171875 0.8890625
2 0.98125 0.5015625 0.9984375 0.5046875 0.9984375 0.59375 0.996875 0.5953125 0.975 0.5953125 0.95625 0.5921875 0.9609375 0.5046875 0.9796875 0.5015625
2 0.1515625 0 0.3703125 0 0.371875 0.003125 0.3828125 0.003125 0.384375 0 0.3984375 0 0.3984375 0.015625 0.4 0.0171875 0.3984375 0.0890625 0.3703125 0.078125 0.2828125 0.06875 0.221875 0.06875 0.196875 0.071875 0.1921875 0.0703125 0.16875 0.0734375 0.1546875 0.078125 0.15 0.03125 0.1515625 0.0015625
2 0.9359375 0.84375 0.9984375 0.846875 0.9984375 0.8703125 0.996875 0.871875 0.9984375 0.9265625 0.984375 0.928125 0.959375 0.925 0.9453125 0.9203125 0.9421875 0.89375 0.94375 0.865625 0.9359375 0.8453125
2 0.7 0.5359375 0.7859375 0.5375 0.834375 0.53125 0.8375 0.5328125 0.8375 0.5828125 0.834375 0.596875 0.8359375 0.603125 0.834375 0.6234375 0.825 0.6328125 0.784375 0.6375 0.7265625 0.6375 0.7046875 0.634375 0.6984375 0.63125 0.6984375 0.6015625 0.7 0.6 0.6984375 0.5390625 0.7 0.5375
2 0.18125 0.6609375 0.221875 0.66875 0.2859375 0.66875 0.3125 0.6640625 0.3375 0.6625 0.3484375 0.6578125 0.3703125 0.653125 0.378125 0.678125 0.3796875 0.725 0.3765625 0.7375 0.3625 0.75 0.34375 0.7546875 0.334375 0.759375 0.2875 0.7640625 0.2328125 0.7640625 0.2046875 0.759375 0.18125 0.7515625 0.178125 0.7484375 0.175 0.734375 0.175 0.7234375 0.1703125 0.703125 0.1703125 0.675 0.16875 0.6734375 0.1703125 0.66875 0.16875 0.6609375 0.1703125 0.659375 0.1796875 0.6609375
2 0.3875 0.6328125 0.396875 0.6359375 0.4296875 0.6390625 0.4640625 0.6390625 0.465625 0.6375 0.503125 0.6359375 0.5234375 0.63125 0.528125 0.6265625 0.540625 0.625 0.54375 0.6265625 0.54375 0.7046875 0.5359375 0.7140625 0.5171875 0.721875 0.4953125 0.7265625 0.4734375 0.7265625 0.471875 0.728125 0.4609375 0.7265625 0.440625 0.728125 0.4390625 0.7265625 0.43125 0.7296875 0.4109375 0.728125 0.3875 0.7234375 0.384375 0.7203125 0.38125 0.696875 0.3828125 0.6859375 0.3765625 0.6546875 0.3796875 0.6453125 0.3796875 0.634375 0.3859375 0.6328125
2 0 0.7046875 0.04375 0.7046875 0.1046875 0.696875 0.1390625 0.6875 0.159375 0.675 0.1640625 0.675 0.165625 0.70625 0.16875 0.7125 0.16875 0.7296875 0.171875 0.740625 0.171875 0.7609375 0.1734375 0.7625 0.16875 0.7734375 0.1609375 0.7796875 0.1453125 0.7875 0.140625 0.7875 0.1328125 0.7921875 0.1078125 0.8 0.0734375 0.8046875 0.003125 0.80625 0 0.8046875 0 0.7625 0.003125 0.7609375 0.003125 0.746875 0 0.7453125 0 0.70625
2 0.9984375 0.734375 0.9984375 0.7640625 0.98125 0.7703125 0.965625 0.771875 0.953125 0.7765625 0.9390625 0.7765625 0.93125 0.7796875 0.9296875 0.778125 0.9296875 0.7546875 0.9421875 0.7484375 0.9578125 0.746875 0.96875 0.7421875 0.996875 0.7359375
2 0.13125 0 0.1453125 0 0.146875 0.003125 0.1484375 0.0421875 0.1515625 0.0546875 0.15 0.1015625 0.1484375 0.1078125 0.1453125 0.109375 0.140625 0.1078125 0.134375 0.0859375 0.134375 0.0734375 0.13125 0.0625 0.13125 0.0265625 0.1296875 0.025 0.1296875 0.003125 0.13125 0.0015625
2 0.8984375 0.8953125 0.9140625 0.89375 0.93125 0.8859375 0.9375 0.8875 0.9390625 0.890625 0.9390625 0.934375 0.940625 0.9359375 0.9390625 0.9609375 0.9359375 0.965625 0.91875 0.9734375 0.875 0.984375 0.8671875 0.9890625 0.8328125 0.9984375 0.7421875 0.9984375 0.7390625 0.9953125 0.69375 0.996875 0.6890625 0.9921875 0.6859375 0.9953125 0.684375 0.934375 0.68125 0.925 0.6828125 0.9203125 0.7203125 0.928125 0.759375 0.928125 0.76875 0.925 0.7828125 0.9265625 0.7984375 0.921875 0.8015625 0.91875 0.80625 0.91875 0.80625 0.921875 0.8015625 0.925 0.8109375 0.9265625 0.825 0.91875 0.8421875 0.91875 0.846875 0.915625 0.865625 0.9125 0.8734375 0.90625 0.8828125 0.90625 0.8890625 0.9015625 0.89375 0.9015625 0.8984375 0.896875
2 0.878125 0.515625 0.8796875 0.5171875 0.884375 0.515625 0.8984375 0.5171875 0.9578125 0.5109375 0.953125 0.5984375 0.946875 0.60625 0.9109375 0.6125 0.840625 0.6109375 0.8390625 0.59375 0.8421875 0.56875 0.8421875 0.553125 0.840625 0.5515625 0.8421875 0.5171875 0.84375 0.515625 0.8765625 0.515625
2 0.0046875 0 0.1265625 0 0.128125 0.0484375 0.1296875 0.05 0.1296875 0.071875 0.1265625 0.071875 0.1140625 0.065625 0.065625 0.0546875 0.0546875 0.053125 0.05 0.0546875 0.04375 0.0515625 0 0.0484375 0 0.003125 0.0046875 0.0015625
2 0.9890625 0.025 0.9984375 0.028125 0.9984375 0.0546875 0.996875 0.05625 0.9984375 0.140625 0.8953125 0.1390625 0.89375 0.140625 0.8609375 0.140625 0.8265625 0.1484375 0.8203125 0.146875 0.8203125 0.1234375 0.825 0.0921875 0.825 0.0609375 0.828125 0.0421875 0.840625 0.0359375 0.8640625 0.0296875 0.9 0.025 0.946875 0.0234375 0.9484375 0.021875 0.9875 0.025
2 0 0.2900910359375 0.0018674140625 0.29026610625 0.00933706875 0.296743696875 0.018985371875 0.2990196078125 0.0233426703125 0.2988445375 0.0320572671875 0.30042016875 0.064114534375 0.30024509843749997 0.07096171875 0.2981442578125 0.074385309375 0.2979691875 0.08092125781250001 0.29954481718750003 0.0977279796875 0.2986694671875 0.10862122656249999 0.299194678125 0.11204481718749999 0.30024509843749997 0.12947401249999999 0.3005952375 0.1341425453125 0.2977941171875 0.14472455625 0.28588935625 0.151882975 0.272584034375 0.15499533125 0.257352940625 0.1546840953125 0.230742296875 0.149393090625 0.1671918765625 0.1434796140625 0.14023109218750002 0.13943355156249998 0.11257002812500001 0.1332088390625 0.0922619046875 0.13040771874999998 0.07773109218749999 0.12231559218750002 0.07195378125 0.10535325312499999 0.0666141453125 0.10239651406250001 0.063725490625 0.0762527234375 0.059873949999999995 0.0563336453125 0.05549719843749999 0.05042016875000001 0.054621848437499995 0.043261748437500004 0.05479691875 0.037037037499999995 0.053571428125 0.036414565625 0.0528711484375 0.011826953125000001 0.0514705875 0.008092125 0.0514705875 0.0052910046875 0.0523459390625 0.0043572984375 0.053571428125 0 0.05549719843749999 0 0.2900910359375
3 0 0.2848389359375 0.0018674140625 0.2870448171875 0.0018674140625 0.2900910359375 0.009648303125 0.296743696875 0.0186741359375 0.2988445375 0.0227201984375 0.2986694671875 0.029878618750000002 0.30024509843749997 0.064114534375 0.30024509843749997 0.069405540625 0.2986694671875 0.074385309375 0.2981442578125 0.081543728125 0.2997198875 0.09959539375000001 0.2986694671875 0.11204481718749999 0.30024509843749997 0.13040771874999998 0.30042016875 0.1378773734375 0.2939425765625 0.1441020859375 0.28676470625 0.151882975 0.272584034375 0.1546840953125 0.25770308124999997 0.1546840953125 0.23529411718749998 0.148459384375 0.161064425 0.145347028125 0.1461834734375 0.142234671875 0.1377801125 0.13943355156249998 0.11257002812500001 0.1332088390625 0.092436975 0.1300964828125 0.07685574218749999 0.1238717703125 0.0726540609375 0.1173358234375 0.0700280109375 0.105197634375 0.0674019609375 0.10239651406250001 0.06390056093749999 0.0771864296875 0.0602240890625 0.0684718328125 0.05829831875 0.0638032984375 0.05812325 0.05446623125 0.055322128125 0.039526921874999996 0.054621848437499995 0.036414565625 0.053571428125 0.030812325 0.054446778125 0.0242763765625 0.0525210078125 0.018051665624999998 0.053221289062499996 0.011204481249999999 0.0516456578125 0.008092125 0.0516456578125 0.0052910046875 0.052696078125000004 0.0018674140625 0.05567226875 0 0.0558473390625 0 0.2848389359375
3 0.15904139374999998 0.25507703125000003 0.15873015937499999 0.26225490156250003 0.16059757187499998 0.2697829125 0.1655773421875 0.2783613453125 0.1774042953125 0.2934173671875 0.18145035781250002 0.2953431375 0.1820728296875 0.296568628125 0.18798630624999998 0.30024509843749997 0.1957671953125 0.30129551875 0.268596328125 0.30112044843749997 0.28446934375 0.3025210078125 0.35138499843750004 0.30234593906249996 0.3728602546875 0.30339635781249996 0.376283846875 0.3025210078125 0.383442265625 0.3025210078125 0.386554621875 0.3014705875 0.3949579828125 0.2942927171875 0.40460628749999994 0.276085434375 0.404917521875 0.2715336140625 0.40802987812499997 0.2668067234375 0.40958605625000005 0.2619047625 0.41083099843750004 0.24842437031250003 0.40834111406250007 0.1633403359375 0.406162465625 0.15703781562500002 0.4018051671875 0.1052170875 0.40087145937499996 0.1032913171875 0.39838157500000004 0.1025910359375 0.396825396875 0.100665265625 0.3943355125 0.091211484375 0.3800186734375 0.0842086828125 0.3625894796875 0.08210784374999999 0.3594771234375 0.07983193281249999 0.3569872390625 0.079131653125 0.345471521875 0.077380953125 0.331154684375 0.076680671875 0.328042328125 0.075805321875 0.3000311234375 0.0742296921875 0.282913165625 0.070728290625 0.258325553125 0.06950280156250001 0.24400871406250002 0.0712535015625 0.2296918765625 0.070553221875 0.2194211015625 0.0726540609375 0.21661998124999998 0.0726540609375 0.213507625 0.071428571875 0.2107065046875 0.0721288515625 0.20666044218750002 0.0717787109375 0.196700903125 0.0738795515625 0.18145035781250002 0.0744047625 0.178026765625 0.0752801125 0.1749144109375 0.07457983124999999 0.16059757187499998 0.07965686250000001 0.15810768749999998 0.0815826328125 0.1543728609375 0.0822829125 0.15312791718750002 0.0845588234375 0.15157173906250002 0.1127450984375 0.15157173906250002 0.162289915625 0.154061625 0.18995097968750002 0.154061625 0.20290616250000001 0.15904139374999998 0.25507703125000003
3 0.41207594218750004 0.2608543421875 0.40336134531249995 0.28799019531250003 0.404917521875 0.296568628125 0.4067849359375 0.2969187671875 0.41332088437500003 0.30112044843749997 0.42483660156249997 0.3037464984375 0.45284780625 0.304446778125 0.46623093750000005 0.3028711484375 0.5054466234375 0.30304621875 0.5157173984375001 0.304446778125 0.5356364765625 0.3049719890625 0.5480859015624999 0.30479691875000003 0.555866790625 0.3028711484375 0.560535325 0.304446778125 0.5655150953125 0.3046218484375 0.57796451875 0.3046218484375 0.584811703125 0.3037464984375 0.59228135625 0.2969187671875 0.5963274203125 0.289915965625 0.5988173046874999 0.28116246562499997 0.60255213125 0.2788865546875 0.603797075 0.2724089640625 0.6075319015625 0.2634803921875 0.6087768437500001 0.2528011203125 0.6084656078124999 0.23284313750000002 0.6109554937499999 0.189600840625 0.6093993156249999 0.133928571875 0.6069094296875 0.12832633124999998 0.6059757234375 0.118522409375 0.6022408968749999 0.11257002812500001 0.5885465296875 0.106617646875 0.5462184875 0.09891456562499999 0.542172425 0.09873949531250001 0.5371926546875 0.0999649859375 0.53283535625 0.0996148453125 0.5278555859375 0.1003151265625 0.5197634609375 0.09838935625 0.5132275125 0.0990896359375 0.4945533765625 0.0955882359375 0.49050731406250003 0.09681372499999999 0.485216309375 0.09733893593750001 0.48085901093750005 0.09681372499999999 0.466542171875 0.0969887953125 0.44226579531250004 0.09891456562499999 0.43510737656250004 0.100665265625 0.41798941875000006 0.1020658265625 0.415188296875 0.10311624687500001 0.41083099843750004 0.1025910359375 0.4042950515625 0.1052170875 0.41051976406249996 0.16456582656250002 0.41083099843750004 0.20378151249999998 0.41332088437500003 0.234068628125 0.41207594218750004 0.2608543421875