1 0.5 0.45546875 0.08671875 0.025
1 0.284375 0.45078125 0.09296875 0.02265625
1 0.12578125 0.471875 0.0765625 0.02109375
1 0.71171875 0.4609375 0.08515625 0.0203125
1 0.928125 0.4671875 0.08828125 0.02109375
1 0.85703125 0.484375 0.07265625 0.01875
1 0.66484375 0.478125 0.04609375 0.01796875
1 0.35546875 0.4859375 0.06328125 0.0171875
1 0.32890625 0.46953125 0.0484375 0.015625
1 0.18515625 0.48671875 0.06484375 0.015625
1 0.05625 0.48828125 0.06015625 0.01796875
1 0.00859375 0.47890625 0.0171875 0.01640625
2 0.0734375 0.67578125 0.146875 0.1
2 0.25 0.7015625 0.22265625 0.1078125
2 0.478125 0.70859375 0.2296875 0.1140625
2 0.70703125 0.71171875 0.2328125 0.11484375
2 0.90703125 0.71640625 0.1859375 0.11171875
3 0.2546875 0.65390625 0.23828125 0.3015625
3 0.475 0.65625 0.2296875 0.3125
3 0.690625 0.6625 0.246875 0.30390625
3 0.90703125 0.66484375 0.18515625 0.303125
3 0.09140625 0.6359375 0.1828125 0.259375
0 0.9015625 0.6375 0.19609375 0.3671875
0 0.70625 0.63046875 0.2390625 0.36171875
0 0.478125 0.625 0.2203125 0.3671875
0 0.25625 0.61875 0.2296875 0.36484375
0 0.0953125 0.6109375 0.18984375 0.3015625