1 0.33203125 0.065625 0.15078125 0.06953125
1 0.64921875 0.10625 0.1453125 0.06796875
1 0.0515625 0.06328125 0.10234375 0.08046875
1 0.94296875 0.125 0.1140625 0.05
2 0.0578125 0.37578125 0.11484375 0.2390625
2 0.27265625 0.3828125 0.39921875 0.24296875
2 0.62734375 0.40078125 0.35703125 0.228125
2 0.8875 0.4171875 0.225 0.20703125
3 0.25625 0.453125 0.47109375 0.71015625
3 0.61953125 0.478125 0.3984375 0.67890625
3 0.88671875 0.48515625 0.2265625 0.6609375
3 0.0671875 0.4453125 0.13359375 0.71015625
0 0.06953125 0.4140625 0.13828125 0.78984375
0 0.25390625 0.4296875 0.45703125 0.77109375
0 0.61484375 0.4484375 0.36796875 0.74140625
0 0.890625 0.459375 0.21796875 0.73515625