1 0.37890625 0.309375 0.1703125 0.04375
1 0.68671875 0.3078125 0.1546875 0.04453125
1 0.84375 0.32265625 0.1109375 0.040625
1 0.9703125 0.3078125 0.059375 0.053125
1 0.915625 0.3203125 0.06640625 0.02890625
1 0.6046875 0.325 0.11640625 0.034375
1 0.47109375 0.33046875 0.08203125 0.025
1 0.53203125 0.3296875 0.05546875 0.02578125
1 0.275 0.3359375 0.0828125 0.02421875
1 0.11328125 0.3390625 0.0984375 0.0265625
1 0.21171875 0.33671875 0.0765625 0.01796875
1 0.04296875 0.34140625 0.0625 0.0234375
2 0.1171875 0.45 0.1859375 0.07421875
2 0.02109375 0.43828125 0.04140625 0.06875
2 0.3828125 0.54296875 0.35234375 0.140625
2 0.6890625 0.521875 0.3046875 0.1265625
2 0.92109375 0.51875 0.1578125 0.146875
3 0.1328125 0.5328125 0.1890625 0.29609375
3 0.3859375 0.57265625 0.35234375 0.3390625
3 0.684375 0.55859375 0.28984375 0.33359375
3 0.9140625 0.55390625 0.17109375 0.3390625
3 0.02109375 0.52890625 0.04140625 0.2875
0 0.1359375 0.50234375 0.1875 0.3546875
0 0.378125 0.51015625 0.33671875 0.446875
0 0.68984375 0.49921875 0.30078125 0.45546875
0 0.91875 0.50546875 0.1625 0.4625
0 0.85078125 0.36171875 0.17265625 0.1296875
0 0.5859375 0.3671875 0.115625 0.125
0 0.03984375 0.48984375 0.0796875 0.3359375
0 0.20078125 0.3546875 0.0859375 0.08671875
0 0.25859375 0.3828125 0.12265625 0.140625