1 0.54140625 0.2265625 0.1640625 0.04609375
1 0.2359375 0.259375 0.1234375 0.03671875
1 0.01484375 0.25546875 0.02890625 0.04375
1 0.0390625 0.45703125 0.078125 0.0453125
2 0.23515625 0.4234375 0.24296875 0.2375
2 0.53984375 0.62890625 0.34921875 0.203125
2 0.0921875 0.49921875 0.07421875 0.07578125
0 0.06171875 0.625 0.1234375 0.36953125
0 0.5421875 0.5578125 0.34453125 0.725
0 0.2296875 0.48828125 0.23828125 0.4890625
0 0.06171875 0.525 0.1234375 0.58125
3 0.06171875 0.39453125 0.1234375 0.14375
3 0.0625 0.65390625 0.125 0.31328125
3 0.22578125 0.51796875 0.23046875 0.40078125
3 0.53671875 0.6328125 0.32421875 0.5640625