3 0.52890625 0.571875 0.2828125 0.4296875
3 0.4390625 0.4859375 0.228125 0.39453125
3 0.6234375 0.321875 0.1828125 0.13046875
3 0.734375 0.546875 0.1625 0.21875
2 0.534375 0.55390625 0.24765625 0.17421875
2 0.02265625 0.375 0.0453125 0.06953125
2 0.3734375 0.5140625 0.11484375 0.12890625
1 0.5328125 0.22890625 0.1296875 0.03828125
1 0.4328125 0.246875 0.09375 0.0234375
1 0.7328125 0.40859375 0.10234375 0.03125
1 0.378125 0.24921875 0.04296875 0.021875
0 0.03828125 0.49921875 0.0765625 0.4234375
0 0.52265625 0.49921875 0.2828125 0.58359375
0 0.42578125 0.459375 0.21640625 0.45859375
0 0.7421875 0.52578125 0.1671875 0.26953125
0 0.63515625 0.32734375 0.12421875 0.2265625
3 0.03359375 0.50546875 0.0671875 0.3953125