0 0.54375 0.465625 0.5640625 0.4703125 0.578125 0.478125 0.5828125 0.4859375 0.5828125 0.4921875 0.5859375 0.4984375 0.5859375 0.50625 0.5828125 0.5140625 0.5859375 0.5203125 0.6015625 0.5359375 0.6078125 0.546875 0.60625 0.5953125 0.609375 0.615625 0.6109375 0.6546875 0.60625 0.6625 0.603125 0.678125 0.6015625 0.725 0.6 0.7265625 0.60625 0.7796875 0.603125 0.784375 0.5859375 0.7890625 0.540625 0.79375 0.5109375 0.8 0.4796875 0.8015625 0.4234375 0.809375 0.4046875 0.809375 0.4015625 0.80625 0.4015625 0.796875 0.4046875 0.79375 0.4078125 0.765625 0.4109375 0.7609375 0.41875 0.728125 0.4203125 0.690625 0.41875 0.6890625 0.415625 0.6171875 0.41875 0.609375 0.41875 0.571875 0.421875 0.5625 0.43125 0.54375 0.44375 0.528125 0.459375 0.515625 0.4625 0.490625 0.46875 0.4765625 0.4796875 0.4703125 0.4859375 0.4703125 0.4921875 0.4671875 0.5421875 0.465625
0 0.940625 0.4171875 0.9578125 0.421875 0.96875 0.4296875 0.978125 0.453125 0.9765625 0.4640625 0.99375 0.4765625 0.9984375 0.484375 0.9984375 0.7390625 0.990625 0.7421875 0.91875 0.7484375 0.853125 0.7578125 0.840625 0.7578125 0.8359375 0.7546875 0.834375 0.721875 0.8359375 0.7140625 0.8421875 0.7046875 0.8421875 0.696875 0.834375 0.678125 0.834375 0.659375 0.825 0.6265625 0.8171875 0.5828125 0.8171875 0.5640625 0.8140625 0.553125 0.815625 0.5109375 0.8203125 0.496875 0.834375 0.4796875 0.8453125 0.471875 0.8453125 0.4671875 0.8421875 0.4625 0.84375 0.44375 0.8453125 0.4359375 0.8515625 0.428125 0.86875 0.4203125 0.8859375 0.4171875 0.9015625 0.415625 0.9390625 0.4171875
0 0.734375 0.4453125 0.7546875 0.45 0.76875 0.459375 0.7765625 0.478125 0.7765625 0.4859375 0.7734375 0.490625 0.775 0.4953125 0.8 0.51875 0.8046875 0.528125 0.8109375 0.584375 0.8078125 0.6 0.8078125 0.628125 0.809375 0.6296875 0.8078125 0.640625 0.8109375 0.6453125 0.8125 0.6796875 0.81875 0.703125 0.81875 0.7375 0.8203125 0.7390625 0.81875 0.7578125 0.8109375 0.7609375 0.765625 0.76875 0.7125 0.7734375 0.7015625 0.7765625 0.6671875 0.778125 0.64375 0.7828125 0.6265625 0.7828125 0.6203125 0.7796875 0.61875 0.7765625 0.6203125 0.7734375 0.61875 0.753125 0.6234375 0.7421875 0.6234375 0.725 0.625 0.7234375 0.625 0.6890625 0.61875 0.6609375 0.6171875 0.6359375 0.6140625 0.625 0.6140625 0.6078125 0.6109375 0.5890625 0.6125 0.5484375 0.61875 0.5296875 0.625 0.51875 0.65 0.496875 0.6484375 0.4921875 0.65 0.4671875 0.6515625 0.4625 0.6578125 0.45625 0.665625 0.4515625 0.690625 0.4453125 0.7328125 0.4453125
1 0.52421875 0.48203125 0.1328125 0.03984375
1 0.70625 0.4578125 0.1578125 0.0421875
1 0.9171875 0.43515625 0.165625 0.04140625
1 0.7859375 0.98828125 0.203125 0.0234375
1 0.96328125 0.98515625 0.0734375 0.0296875
2 0.5125 0.603125 0.221875 0.1734375
2 0.728125 0.5859375 0.20234375 0.1828125
2 0.909375 0.56484375 0.18125 0.18984375
3 0.51328125 0.740625 0.21875 0.125
3 0.7203125 0.715625 0.2265625 0.11875
3 0.91640625 0.69375 0.1671875 0.1015625