0 0.4859375 0.1671875 0.4984375 0.1703125 0.509375 0.1765625 0.534375 0.178125 0.5546875 0.190625 0.56875 0.20625 0.5859375 0.25 0.5859375 0.265625 0.5890625 0.2765625 0.5890625 0.2953125 0.5875 0.296875 0.59375 0.3140625 0.59375 0.328125 0.603125 0.3453125 0.6078125 0.3640625 0.6203125 0.384375 0.6234375 0.396875 0.6484375 0.4328125 0.6546875 0.4453125 0.6546875 0.45 0.6640625 0.4609375 0.69375 0.5453125 0.6953125 0.553125 0.69375 0.56875 0.65625 0.6 0.65625 0.609375 0.659375 0.6171875 0.6625 0.621875 0.6703125 0.6234375 0.6734375 0.634375 0.6828125 0.6515625 0.6859375 0.66875 0.6765625 0.6765625 0.6703125 0.6875 0.665625 0.703125 0.6546875 0.7140625 0.6390625 0.71875 0.6109375 0.721875 0.5796875 0.721875 0.575 0.71875 0.5546875 0.7203125 0.559375 0.7171875 0.5609375 0.7140625 0.559375 0.7109375 0.5453125 0.696875 0.5328125 0.6921875 0.5265625 0.6875 0.5203125 0.678125 0.5078125 0.671875 0.5078125 0.65625 0.5046875 0.65 0.5046875 0.6421875 0.5015625 0.640625 0.5078125 0.6359375 0.5078125 0.628125 0.5046875 0.621875 0.4984375 0.615625 0.4890625 0.6109375 0.4671875 0.6046875 0.45 0.59375 0.4390625 0.590625 0.425 0.5734375 0.3984375 0.4859375 0.4 0.4609375 0.3984375 0.459375 0.3984375 0.4359375 0.3953125 0.4296875 0.3953125 0.4046875 0.3859375 0.3890625 0.384375 0.3734375 0.3890625 0.359375 0.390625 0.3453125 0.3859375 0.3359375 0.3796875 0.3296875 0.359375 0.325 0.3546875 0.3203125 0.3515625 0.3109375 0.3375 0.2953125 0.328125 0.278125 0.3234375 0.25625 0.315625 0.2375 0.315625 0.2234375 0.3234375 0.20625 0.3359375 0.196875 0.3484375 0.1953125 0.359375 0.184375 0.371875 0.178125 0.390625 0.1734375 0.4078125 0.1734375 0.421875 0.18125 0.434375 0.18125 0.44375 0.1703125 0.45 0.1671875 0.459375 0.165625 0.484375 0.1671875
0 0.09375 0.2109375 0.0953125 0.2125 0.1140625 0.2109375 0.121875 0.21875 0.1234375 0.228125 0.1296875 0.2359375 0.1296875 0.253125 0.140625 0.26875 0.140625 0.2765625 0.134375 0.284375 0.1171875 0.290625 0.0890625 0.290625 0.071875 0.2828125 0.0671875 0.278125 0.0453125 0.2390625 0.025 0.2203125 0.021875 0.2140625 0.05 0.2109375 0.0921875 0.2109375
0 0.0125 0 0.040625 0 0.05 0.0125 0.0515625 0.0296875 0.0578125 0.0421875 0.0578125 0.053125 0.0515625 0.059375 0.0484375 0.059375 0.028125 0.028125 0.01875 0.0078125 0.0125 0.0015625
0 0.015625 0.003125 0.0203125 0.0078125 0.03125 0.03125 0.0453125 0.05 0.046875 0.0625 0.0546875 0.0734375 0.05625 0.0875 0.053125 0.0921875 0.046875 0.0953125 0.0359375 0.0859375 0.0140625 0.053125 0.0109375 0.034375 0.003125 0.009375 0.00625 0.003125 0.0140625 0.003125
0 0 0.0046875 0.0078125 0.0046875 0.003125 0.0140625 0.009375 0.0296875 0.009375 0.0375 0.0140625 0.0546875 0.0234375 0.0703125 0.040625 0.090625 0.05 0.115625 0.0484375 0.125 0.04375 0.1296875 0.0375 0.13125 0.021875 0.1140625 0.0109375 0.096875 0.00625 0.0796875 0.003125 0.0734375 0 0.071875 0 0.00625
0 0 0.2140625 0.003125 0.2140625 0.009375 0.2203125 0.0203125 0.2359375 0.0265625 0.25 0.0265625 0.2546875 0.0375 0.275 0.0578125 0.29375 0.0609375 0.3 0.0609375 0.3078125 0.0578125 0.3140625 0.046875 0.321875 0.025 0.3265625 0 0.3234375 0 0.215625
0 0 0.0734375 0.00625 0.075 0.00625 0.0828125 0.0125 0.0984375 0.0203125 0.1125 0.034375 0.1296875 0.046875 0.153125 0.046875 0.1640625 0.04375 0.1703125 0.0375 0.175 0.021875 0.18125 0 0.1828125 0 0.075
0 0.115625 0.184375 0.13125 0.2078125 0.13125 0.2203125 0.121875 0.221875 0.115625 0.2171875 0.1125 0.2109375 0.1125 0.1890625 0.115625 0.1859375
1 0.59296875 0.6875 0.2515625 0.103125
2 0.5421875 0.5265625 0.31953125 0.14296875
3 0.32174323125000004 0.197506828125 0.33146934375 0.27522636562499997 0.348976346875 0.31572829062499996 0.383990040625 0.32995850781249997 0.393716153125 0.3814068625 0.39177093125 0.40658350781249997 0.403442265625 0.47883000625000005 0.4170588234375 0.5269943984375 0.4345658265625 0.5751586140625 0.4637441640625 0.6058086484375 0.496812946875 0.6167550765625001 0.512374728125 0.63098546875 0.5201556171874999 0.639742471875 0.675773109375 0.62770150625 0.6621565515625 0.600335434375 0.6971705578125 0.579537115625 0.704951446875 0.55217104375 0.6893896671874999 0.4930603984375 0.6582661062499999 0.4503692234375 0.62908776875 0.4120567234375 0.5999094296874999 0.36279779375 0.5882380953124999 0.32229604375 0.592128540625 0.2599014359375 0.592128540625 0.238008578125 0.572676315625 0.2018853296875 0.5493336453125 0.199696078125 0.46957983125 0.20845325625000002 0.4092779328125 0.21392647031249998 0.3548120140625 0.2051692921875 0.32174323125000004 0.197506828125