0 0.11484375 0.51953125 0.2296875 0.5578125
0 0.30625 0.51484375 0.3140625 0.53828125
0 0.5328125 0.50625 0.2890625 0.53515625
0 0.7734375 0.49453125 0.25234375 0.53046875
0 0.94765625 0.4875 0.10390625 0.54765625
0 0.7671875 0.934375 0.2171875 0.13125
0 0.93359375 0.93125 0.1328125 0.1375
0 0.54375 0.9359375 0.22421875 0.12734375
0 0.33046875 0.94453125 0.2265625 0.1109375
0 0.109375 0.94375 0.215625 0.1125
2 0.09609375 0.54140625 0.1921875 0.1421875
2 0.29609375 0.528125 0.26953125 0.146875
2 0.54296875 0.5265625 0.23671875 0.140625
2 0.77890625 0.51328125 0.24140625 0.14296875
2 0.9453125 0.5171875 0.109375 0.15390625
1 0.03203125 0.26875 0.0640625 0.040625
1 0.26484375 0.2640625 0.11328125 0.03828125
1 0.515625 0.2578125 0.0953125 0.0421875
1 0.7765625 0.24453125 0.1171875 0.0390625
1 0.9859375 0.23046875 0.028125 0.03046875
1 0.5328125 0.89375 0.11015625 0.04453125
1 0.3140625 0.9078125 0.090625 0.0421875
1 0.09765625 0.91640625 0.103125 0.05078125
1 0.75625 0.8921875 0.1078125 0.05078125
1 0.96484375 0.88984375 0.06953125 0.0453125
3 0.109375 0.5578125 0.21875 0.47421875
3 0.31484375 0.546875 0.31875 0.46171875
3 0.54296875 0.53203125 0.25703125 0.45
3 0.76640625 0.52578125 0.24609375 0.478125
3 0.95078125 0.525 0.0984375 0.4671875
3 0.11171875 0.97734375 0.2234375 0.0453125
3 0.33515625 0.9703125 0.2046875 0.059375
3 0.54375 0.96015625 0.2140625 0.07890625
3 0.76875 0.95546875 0.228125 0.0890625
3 0.93046875 0.95703125 0.1390625 0.0828125