0 0.871875 0.56953125 0.225 0.4828125
0 0.66171875 0.571875 0.2078125 0.484375
0 0.45390625 0.575 0.225 0.47109375
0 0.2625 0.57734375 0.2140625 0.45078125
0 0.08359375 0.571875 0.1671875 0.4375
0 0.0765625 0.9328125 0.153125 0.134375
0 0.26875 0.93125 0.228125 0.1375
0 0.49765625 0.934375 0.2296875 0.13046875
0 0.72421875 0.9328125 0.228125 0.134375
0 0.9453125 0.93359375 0.109375 0.1328125
0 0.9015625 0.9296875 0.1640625 0.140625
1 0.07109375 0.37421875 0.078125 0.02109375
1 0.25546875 0.36953125 0.08125 0.021875
1 0.453125 0.35625 0.07734375 0.02890625
1 0.6546875 0.3515625 0.0890625 0.0328125
1 0.86015625 0.35625 0.090625 0.0265625
1 0.9796875 0.37734375 0.040625 0.0234375
1 0.80703125 0.36953125 0.06171875 0.02265625
1 0.73671875 0.3859375 0.06953125 0.021875
1 0.61640625 0.375 0.0578125 0.02578125
1 0.52421875 0.390625 0.0765625 0.02421875
1 0.3453125 0.4 0.05234375 0.01953125
1 0.30078125 0.3890625 0.0453125 0.0234375
1 0.121875 0.39453125 0.0609375 0.02421875
1 0.1859375 0.4046875 0.05703125 0.021875
1 0.49140625 0.87421875 0.084375 0.0171875
1 0.72265625 0.8703125 0.09765625 0.0140625
1 0.9875 0.87421875 0.025 0.01328125
1 0.26875 0.871875 0.09765625 0.01640625
1 0.046875 0.86875 0.08671875 0.01015625
2 0.08515625 0.58046875 0.1703125 0.1125
2 0.2546875 0.58046875 0.19609375 0.11171875
2 0.45546875 0.590625 0.20546875 0.13046875
2 0.6609375 0.59140625 0.21796875 0.13125
2 0.865625 0.57578125 0.20546875 0.125
3 0.453125 0.6109375 0.215625 0.390625
3 0.66328125 0.61640625 0.2015625 0.396875
3 0.87109375 0.6015625 0.215625 0.409375
3 0.25625 0.60546875 0.190625 0.3921875
3 0.08125 0.60625 0.16171875 0.38046875
3 0.0765625 0.9484375 0.153125 0.103125
3 0.27109375 0.94609375 0.2203125 0.1078125
3 0.49375 0.94765625 0.221875 0.1046875
3 0.72265625 0.94296875 0.22734375 0.1140625
3 0.95 0.95390625 0.09921875 0.0921875