1 0.55625 0.1921875 0.5640625 0.19375 0.56875 0.2 0.5671875 0.2078125 0.5609375 0.2171875 0.5140625 0.2171875 0.5109375 0.215625 0.5125 0.1984375 0.5171875 0.19375 0.5546875 0.1921875
1 0.4359375 0.246875 0.4578125 0.2484375 0.4609375 0.2546875 0.459375 0.2765625 0.4375 0.275 0.434375 0.2734375 0.4359375 0.2484375
1 0.82421875 0.18359375 0.03046875 0.0296875
1 0.9984375 0.09375 0.9984375 0.13125 0.996875 0.1328125 0.946875 0.134375 0.925 0.1390625 0.9203125 0.1390625 0.91875 0.1328125 0.921875 0.109375 0.9265625 0.103125 0.946875 0.0953125 0.978125 0.0921875 0.9953125 0.0921875 0.996875 0.09375
1 0.5109375 0.2171875 0.5140625 0.2203125 0.5140625 0.23125 0.5125 0.234375 0.503125 0.2390625 0.496875 0.2359375 0.4953125 0.23125 0.496875 0.2203125 0.5015625 0.2171875 0.509375 0.2171875
1 0.90625 0.1390625 0.9125 0.140625 0.9140625 0.146875 0.921875 0.153125 0.921875 0.1625 0.915625 0.171875 0.86875 0.171875 0.8671875 0.1734375 0.846875 0.1734375 0.8390625 0.1765625 0.834375 0.1765625 0.8328125 0.171875 0.8359375 0.1640625 0.8359375 0.1515625 0.840625 0.14375 0.865625 0.1390625 0.9046875 0.1390625
1 0.56875 0.196875 0.5671875 0.19375 0.56875 0.1765625 0.5796875 0.16875 0.5875 0.16875 0.59375 0.175 0.575 0.1984375 0.5703125 0.196875
1 0.7421875 0.0171875 0.75625 0.0203125 0.765625 0.025 0.76875 0.0296875 0.7703125 0.0578125 0.7671875 0.071875 0.7171875 0.065625 0.7140625 0.0671875 0.6875 0.065625 0.653125 0.071875 0.646875 0.075 0.6421875 0.075 0.6390625 0.0703125 0.640625 0.0390625 0.64375 0.03125 0.6515625 0.025 0.671875 0.01875 0.69375 0.015625 0.740625 0.0171875
1 0.0140625 0.203125 0.0171875 0.2015625 0.075 0.2015625 0.103125 0.2046875 0.1125 0.2078125 0.1171875 0.2125 0.1203125 0.225 0.1203125 0.2390625 0.1171875 0.246875 0.0703125 0.2421875 0.0125 0.24375 0.009375 0.2390625 0.009375 0.234375 0.021875 0.228125 0.021875 0.225 0.015625 0.2203125 0.0140625 0.2046875
1 0.146875 0.2265625 0.1484375 0.228125 0.171875 0.228125 0.18125 0.23125 0.1859375 0.2359375 0.1875 0.24375 0.1875 0.2609375 0.1859375 0.2625 0.1625 0.2625 0.1609375 0.2609375 0.1359375 0.2625 0.1171875 0.259375 0.1171875 0.25625 0.1234375 0.2515625 0.121875 0.25 0.121875 0.228125 0.1453125 0.2265625
1 0.340625 0.1625 0.3625 0.165625 0.3765625 0.1734375 0.3796875 0.190625 0.3765625 0.21875 0.3671875 0.215625 0.328125 0.2140625 0.3265625 0.2125 0.2765625 0.2125 0.259375 0.215625 0.2484375 0.2140625 0.24375 0.1953125 0.24375 0.175 0.2484375 0.1671875 0.2546875 0.1640625 0.2796875 0.1609375 0.3390625 0.1625
1 0.6125 0.1390625 0.6171875 0.14375 0.6171875 0.1515625 0.6 0.171875 0.5921875 0.175 0.5875 0.1703125 0.5890625 0.1453125 0.5953125 0.140625 0.6109375 0.1390625
1 0.1890625 0.2453125 0.1921875 0.24375 0.2390625 0.2453125 0.2484375 0.2484375 0.25 0.2515625 0.2484375 0.25625 0.234375 0.2734375 0.2015625 0.2734375 0.2 0.271875 0.1953125 0.2734375 0.1875 0.271875 0.1890625 0.246875
1 0.4015625 0.2078125 0.4109375 0.2140625 0.4125 0.2234375 0.4109375 0.2484375 0.4078125 0.25 0.3921875 0.246875 0.3765625 0.246875 0.3734375 0.24375 0.3734375 0.23125 0.384375 0.225 0.3796875 0.21875 0.3796875 0.2078125 0.38125 0.20625 0.4 0.2078125
1 0 0.1703125 0.0078125 0.175 0.0125 0.1921875 0.0125 0.21875 0 0.21875 0 0.171875
1 0.4296875 0.2328125 0.4359375 0.24375 0.4328125 0.265625 0.40625 0.2625 0.40625 0.259375 0.4109375 0.2546875 0.4125 0.23125 0.41875 0.2296875 0.428125 0.2328125
1 0.63125 0.11796875 0.03203125 0.04765625
2 0.878125 0.384375 0.8828125 0.3453125 0.8859375 0.340625 0.996875 0.3359375 0.9984375 0.3390625 0.9984375 0.553125 0.996875 0.5546875 0.98125 0.55625 0.94375 0.5515625 0.925 0.5515625 0.909375 0.546875 0.8765625 0.5421875 0.8703125 0.5390625 0.86875 0.5359375 0.8703125 0.49375 0.871875 0.4921875 0.8703125 0.4765625 0.875 0.459375 0.8734375 0.4484375 0.8765625 0.4390625 0.8765625 0.403125 0.8796875 0.3859375
2 0.140625 0.44375 0.14375 0.45 0.1484375 0.5296875 0.1515625 0.540625 0.1515625 0.5625 0.1546875 0.575 0.1546875 0.5984375 0.1484375 0.6046875 0.1375 0.609375 0.115625 0.6125 0.1046875 0.6171875 0.103125 0.615625 0.08125 0.6171875 0.065625 0.6234375 0.0234375 0.628125 0 0.628125 0 0.4546875 0.01875 0.4546875 0.046875 0.45 0.0578125 0.4515625 0.0703125 0.4484375 0.1140625 0.446875 0.1390625 0.44375
2 0.625 0.3375 0.6328125 0.340625 0.6375 0.3375 0.640625 0.3390625 0.665625 0.3375 0.69375 0.3421875 0.6984375 0.340625 0.7953125 0.3421875 0.803125 0.3390625 0.809375 0.340625 0.81875 0.3390625 0.828125 0.3421875 0.853125 0.3421875 0.859375 0.3390625 0.8734375 0.3390625 0.8765625 0.3421875 0.8765625 0.359375 0.8703125 0.390625 0.871875 0.3984375 0.8671875 0.40625 0.86875 0.421875 0.8671875 0.434375 0.8703125 0.4390625 0.86875 0.4421875 0.8703125 0.446875 0.8671875 0.45625 0.8640625 0.4875 0.865625 0.490625 0.8640625 0.5390625 0.8578125 0.546875 0.8578125 0.55 0.8546875 0.553125 0.821875 0.559375 0.746875 0.5609375 0.7453125 0.5625 0.709375 0.5625 0.7078125 0.5640625 0.671875 0.5640625 0.659375 0.5625 0.6484375 0.5578125 0.6359375 0.5578125 0.628125 0.5625 0.6046875 0.5609375 0.5890625 0.55625 0.5734375 0.55625 0.55625 0.5515625 0.546875 0.5515625 0.525 0.5453125 0.51875 0.540625 0.51875 0.5046875 0.5171875 0.503125 0.51875 0.346875 0.525 0.34375 0.5453125 0.34375 0.546875 0.3421875 0.6015625 0.34375 0.609375 0.3390625 0.6234375 0.3375
2 0.1609375 0.446875 0.1796875 0.4515625 0.2078125 0.4515625 0.209375 0.453125 0.2171875 0.4515625 0.2203125 0.4546875 0.253125 0.4546875 0.2546875 0.45625 0.25625 0.4546875 0.2703125 0.45625 0.2984375 0.453125 0.3421875 0.4546875 0.353125 0.4515625 0.3546875 0.453125 0.365625 0.4515625 0.3890625 0.4515625 0.390625 0.453125 0.415625 0.4515625 0.41875 0.453125 0.484375 0.4453125 0.4890625 0.4484375 0.490625 0.534375 0.4890625 0.5359375 0.4890625 0.5859375 0.4859375 0.596875 0.475 0.6046875 0.446875 0.6125 0.328125 0.625 0.2671875 0.625 0.265625 0.6234375 0.240625 0.6234375 0.2125 0.61875 0.190625 0.61875 0.1765625 0.615625 0.1640625 0.6078125 0.159375 0.5890625 0.159375 0.5703125 0.15625 0.5609375 0.15625 0.540625 0.153125 0.5265625 0.15 0.4734375 0.1484375 0.471875 0.1484375 0.446875 0.15 0.4453125 0.159375 0.446875
3 0.8953125 0.5484375 0.896875 0.55 0.915625 0.55 0.934375 0.5546875 0.9671875 0.5578125 0.9703125 0.55625 0.996875 0.5609375 0.9984375 0.5734375 0.9984375 0.7109375 0.996875 0.7125 0.9984375 0.721875 0.9984375 0.828125 0.990625 0.8328125 0.965625 0.8328125 0.946875 0.828125 0.928125 0.8140625 0.91875 0.7984375 0.909375 0.7890625 0.8828125 0.790625 0.865625 0.7828125 0.8578125 0.7734375 0.85625 0.76875 0.8578125 0.728125 0.853125 0.7109375 0.853125 0.696875 0.865625 0.6765625 0.8609375 0.6 0.865625 0.58125 0.8671875 0.553125 0.8703125 0.5453125 0.88125 0.5453125 0.89375 0.5484375
3 0.51875 0.546875 0.571875 0.559375 0.5890625 0.559375 0.621875 0.565625 0.6265625 0.5640625 0.6359375 0.565625 0.6375 0.5640625 0.6359375 0.5609375 0.64375 0.5609375 0.640625 0.5640625 0.6421875 0.565625 0.6546875 0.5640625 0.6859375 0.5671875 0.6875 0.565625 0.7265625 0.5671875 0.728125 0.565625 0.7625 0.565625 0.7640625 0.5640625 0.7921875 0.565625 0.803125 0.5625 0.8421875 0.559375 0.85 0.55625 0.8609375 0.5578125 0.859375 0.584375 0.8375 0.68125 0.8375 0.690625 0.8453125 0.7046875 0.85 0.7203125 0.85 0.75625 0.8453125 0.7765625 0.8359375 0.7953125 0.828125 0.8046875 0.8109375 0.8109375 0.7828125 0.8109375 0.7640625 0.80625 0.7390625 0.83125 0.73125 0.8359375 0.715625 0.840625 0.690625 0.840625 0.678125 0.8375 0.6625 0.828125 0.640625 0.8046875 0.634375 0.8015625 0.5921875 0.815625 0.56875 0.8171875 0.546875 0.809375 0.5359375 0.796875 0.51875 0.740625 0.51875 0.7109375 0.521875 0.7 0.53125 0.6828125 0.5265625 0.6265625 0.521875 0.6046875 0.521875 0.5921875 0.51875 0.5828125 0.51875 0.5546875 0.5171875 0.553125 0.51875 0.5484375
3 0.4890625 0.603125 0.4921875 0.6046875 0.490625 0.60625 0.4921875 0.6796875 0.49375 0.68125 0.4921875 0.684375 0.49375 0.6890625 0.4921875 0.6953125 0.49375 0.7 0.4921875 0.7046875 0.49375 0.753125 0.4921875 0.7546875 0.4984375 0.7703125 0.4984375 0.7890625 0.4953125 0.7953125 0.484375 0.80625 0.453125 0.821875 0.4203125 0.8296875 0.3875 0.8296875 0.3828125 0.834375 0.359375 0.846875 0.3375 0.853125 0.30625 0.853125 0.290625 0.85 0.278125 0.8453125 0.2609375 0.8328125 0.240625 0.8375 0.2125 0.834375 0.1921875 0.8265625 0.1734375 0.8109375 0.16875 0.8 0.1625 0.79375 0.1578125 0.784375 0.159375 0.7703125 0.1578125 0.7625 0.1609375 0.7578125 0.1609375 0.753125 0.171875 0.7421875 0.1734375 0.725 0.1765625 0.721875 0.1734375 0.715625 0.1734375 0.6875 0.1703125 0.6828125 0.1703125 0.6484375 0.165625 0.6421875 0.165625 0.6359375 0.16875 0.63125 0.16875 0.6203125 0.20625 0.61875 0.2296875 0.6234375 0.2625 0.6234375 0.2640625 0.621875 0.321875 0.6203125 0.3390625 0.6171875 0.421875 0.615625 0.4328125 0.6140625 0.4640625 0.603125 0.4875 0.603125
3 0.04375 0.634375 0.078125 0.6390625 0.146875 0.6375 0.146875 0.6453125 0.1515625 0.653125 0.1625 0.6890625 0.159375 0.6984375 0.1609375 0.7046875 0.1515625 0.71875 0.1515625 0.73125 0.1546875 0.7390625 0.159375 0.74375 0.159375 0.75625 0.1671875 0.765625 0.15625 0.784375 0.15625 0.79375 0.146875 0.8046875 0.134375 0.809375 0.125 0.8203125 0.1 0.8328125 0.0859375 0.8484375 0.0734375 0.8546875 0.059375 0.8578125 0.034375 0.8578125 0.0203125 0.8546875 0.0046875 0.846875 0 0.8421875 0 0.6375 0.015625 0.634375 0.0421875 0.634375
0 0.8801742921875 0.27801120468749996 0.8835978843750001 0.2788865546875 0.890756303125 0.2694327734375 0.9069405546875 0.24299719843749998 0.9190787421875 0.230742296875 0.9340180515625001 0.21253501406250003 0.9505135390625 0.2030812328125 0.9598506062500001 0.187850140625 0.9794584499999999 0.168242296875 0.9863056328124999 0.157212884375 0.9950202296875 0.14723389375 0.9971988796875 0.1426820734375 0.9996887640625 0.1412815125 0.9996887640625 0.0931372546875 0.9831932765625 0.0919117640625 0.94957983125 0.094712884375 0.9349517578125001 0.098564425 0.9274821046874999 0.102240896875 0.9237472765625 0.1052170875 0.9206349203125 0.1122198875 0.92001245 0.12377450937500001 0.9162776218750001 0.1435574234375 0.91690009375 0.147584034375 0.9221910984375 0.15178571406250002 0.9237472765625 0.154586834375 0.92312480625 0.161414565625 0.92001245 0.1689425765625 0.9094304390625 0.18417366875000002 0.9000933703125 0.192226890625 0.8979147218750001 0.19712885156249998 0.8860877687500001 0.2053571421875 0.8764394640625 0.21621148437499998 0.87363834375 0.217086834375 0.8708372234375 0.2193627453125 0.8661686890625001 0.2267156859375 0.8655462187499999 0.230742296875 0.860877684375 0.23967086875 0.8611889203124999 0.2445728296875 0.8658574546875 0.2587535015625 0.875194521875 0.270133053125 0.8801742921875 0.27801120468749996
0 0.5219421109375 0.5887605046875 0.521008403125 0.5987394953125 0.5222533453125 0.609243696875 0.5253657015625001 0.6115196078125 0.5269218796875 0.6144957984375 0.526299409375 0.6405812328125 0.5291005296875 0.6738445375000001 0.5269218796875 0.6910014 0.517896046875 0.7104341734374999 0.516028634375 0.72776610625 0.5172735765625001 0.7391456578125 0.5222533453125 0.761554621875 0.532212884375 0.793242296875 0.539993775 0.8051470593750001 0.5490196078125 0.811974790625 0.5642701531250001 0.8177521015625 0.5704948640625 0.8186274515624999 0.5851229375 0.8181022406249999 0.6106442578125 0.812149859375 0.619670090625 0.8086484593750001 0.6265172734375 0.8074229687500001 0.631341425 0.8041841734374999 0.635076253125 0.8040091031250001 0.644880175 0.8109243703125 0.6567071265625 0.82457983125 0.6644880171875001 0.8315826328125 0.6784936203124999 0.8396358546875 0.685340803125 0.840686275 0.692499221875 0.842962184375 0.7111733578125 0.842436975 0.72393401875 0.83998599375 0.7391845625 0.8331582640624999 0.7482103953125 0.8242296921875001 0.7513227515625001 0.8191526609374999 0.7615935265625 0.8103991593750001 0.7662620609374999 0.8081232500000001 0.775599128125 0.8114495796875 0.77933395625 0.8114495796875 0.7830687828125 0.8126750703125 0.7930283218749999 0.8139005609375 0.807033925 0.8133753499999999 0.8232181765625001 0.8089986 0.8316215375 0.8018207281249999 0.8350451296875001 0.8000700281249999 0.843448490625 0.782913165625 0.8440709609375 0.77573529375 0.8493619671875001 0.768382353125 0.8499844375000001 0.7654061624999999 0.8484282609375 0.75857843125 0.851540615625 0.751225490625 0.8478057890624999 0.7484243703125 0.8478057890624999 0.74737395 0.8521630874999999 0.7400210078125 0.878306878125 0.3221288515625 0.8776844078125 0.286414565625 0.8764394640625 0.2841386546875 0.8748832859375 0.2841386546875 0.872082165625 0.28203781562499997 0.872082165625 0.27293417343750004 0.8655462187499999 0.2626050421875 0.8580765640625 0.24439775937500002 0.8496732031249999 0.2309173671875 0.8344226578124999 0.21376050468750002 0.8288204171875 0.2043067234375 0.82228446875 0.19712885156249998 0.8210395265624999 0.1911764703125 0.8163709921875 0.1873249296875 0.8089013390625001 0.177696078125 0.8017429187499999 0.1720938375 0.7933395578125 0.16001400625 0.7896047312500001 0.1565126046875 0.781823840625 0.1432072828125 0.775599128125 0.1376050421875 0.7696856515625 0.1265756296875 0.7615935265625 0.11694677812500001 0.75879240625 0.1060924375 0.7594148765625001 0.0926120453125 0.7628384687499999 0.08735994375 0.7690631812500001 0.08560924375 0.7696856515625 0.08333333281250001 0.7693744171875 0.0779061625 0.7665732953125 0.074929971875 0.7656395890625001 0.0717787109375 0.7656395890625001 0.0640756296875 0.7671957671875 0.06162465 0.7678182390625 0.05707282968750001 0.762215996875 0.050770307812500005 0.7628384687499999 0.048669467187499996 0.765950825 0.0469187671875 0.7653283531249999 0.04376750625 0.7665732953125 0.039740896875 0.7653283531249999 0.03588935625 0.7671957671875 0.03501400625 0.7678182390625 0.032913165625000004 0.765950825 0.030462184375 0.763460940625 0.0294117640625 0.7647058828125 0.025910364062500003 0.7553688140625 0.02135854375 0.7528789296875 0.021883753125 0.7466542171875 0.0203081234375 0.744786803125 0.0189075625 0.7413632125 0.019432773437500002 0.7379396203125 0.0182072828125 0.7208216625 0.016631653125 0.7180205421875 0.0171568625 0.7133520078125 0.016631653125 0.704326175 0.0185574234375 0.691565515625 0.0173319328125 0.675070028125 0.018732493750000002 0.66635543125 0.0215336140625 0.66417678125 0.0215336140625 0.6517273578125 0.025910364062500003 0.651416121875 0.028711484375000002 0.6495487078125 0.031162465625000003 0.6439464671875 0.036064425 0.6445689390625 0.0395658265625 0.6423902890625001 0.043242296875 0.643323996875 0.0516456578125 0.642079053125 0.057773109375 0.6423902890625001 0.0647759109375 0.644257703125 0.0677521015625 0.64176781875 0.0712535015625 0.645191409375 0.0747549015625 0.6389666984375 0.0814075625 0.6392779328125 0.0884103640625 0.644880175 0.09068627500000001 0.647370059375 0.098564425 0.64363523125 0.11642156875000001 0.6383442265625 0.1251750703125 0.6311858078125 0.133228290625 0.629940865625 0.1369047625 0.61904761875 0.148634453125 0.6178026765625 0.1521358546875 0.6093993156249999 0.16264005625 0.5988173046874999 0.1738445375 0.5953937125000001 0.17892156875 0.5851229375 0.1876750703125 0.5792094609375 0.197303921875 0.5711173359374999 0.2055322125 0.5680049796875 0.20990896406249998 0.5652038593750001 0.2184873953125 0.5624027390624999 0.2232142859375 0.5561780265625 0.2279411765625 0.5474634296875001 0.2373949578125 0.5381263609375 0.25595238125 0.52878929375 0.268382353125 0.520074696875 0.28658963593750003 0.5166511046875 0.2993697484375 0.5154061624999999 0.3410364140625 0.5150949265625 0.55392156875 0.51633986875 0.5567226890625 0.517896046875 0.5787815125 0.5219421109375 0.5887605046875
0 0.0208527859375 0.22759103593750002 0.018985371875 0.22916666718749998 0.01338313125 0.2310924375 0.009025832812499999 0.23792016875000002 0.018051665624999998 0.2605042015625 0.029256146875 0.2750350140625 0.1316526609375 0.389180671875 0.14379085 0.4073879546875 0.1584189234375 0.37920168125 0.1786492375 0.34838935625 0.18051665156250002 0.341561625 0.1705571125 0.333508403125 0.1640211640625 0.32387955156250003 0.157485215625 0.318102240625 0.148459384375 0.3070728296875 0.14036725781249998 0.2998949578125 0.12947401249999999 0.286414565625 0.1260504203125 0.2848389359375 0.11982570781249999 0.27661064375 0.1173358234375 0.2690826328125 0.116402115625 0.254726890625 0.11982570781249999 0.24842437031250003 0.12044817968749999 0.22601540625 0.1182695296875 0.21358543437500002 0.116402115625 0.21008403437499998 0.10924369687499999 0.20605742343750003 0.0958605671875 0.2030812328125 0.0575785875 0.2004551828125 0.0429505140625 0.2001050421875 0.024898848437500003 0.20080532187500003 0.0224089640625 0.2002801125 0.0155617796875 0.20220588281250002 0.014316837499999999 0.2055322125 0.014005601562500001 0.21060924375 0.015873015625 0.220413165625 0.019296607812499998 0.22338935625 0.0208527859375 0.22759103593750002
0 0.17958294375 0.7927170875 0.1926548390625 0.8133753499999999 0.20012449375000002 0.8210784312499999 0.21039526875 0.8270308125 0.21630874531250002 0.8287815125 0.2231559296875 0.8294817921875 0.2380952375 0.8294817921875 0.24712107031250002 0.8280812328125 0.2483660125 0.8270308125 0.25147836875 0.826680671875 0.2539682546875 0.8247549015625 0.2586367875 0.8249299718750001 0.2661064421875 0.8293067234375 0.27201991875 0.8356092437499999 0.28135698750000004 0.8405112046875001 0.2919389984375 0.8489145656250001 0.29660753125 0.8506652656250001 0.3018985375 0.8541666671874999 0.31310301875 0.8555672265625001 0.3286648 0.85451680625 0.338313103125 0.8524159656249999 0.34484905 0.8499649859374999 0.3523187046875 0.845413165625 0.3688141921875 0.8303571421875 0.3831310296875 0.8200280109375001 0.387488328125 0.8203781515624999 0.39153439218749997 0.8237044812500001 0.40118269531250006 0.8272058828125 0.41207594218750004 0.8294817921875 0.428571428125 0.830882353125 0.4391534390625 0.8298319328125 0.44662309375 0.8277310921875 0.45658263281250006 0.8237044812500001 0.4668534078125 0.8156512609375 0.47121070625000006 0.8105742296875 0.47494553437500003 0.8037464984374999 0.4849050734375 0.779061625 0.48926237187500005 0.7515756296875 0.4858387796875 0.735119046875 0.478991596875 0.72514005625 0.47805788906249996 0.7183123250000001 0.47992530312500004 0.702556021875 0.483971365625 0.6892507 0.485216309375 0.671568628125 0.48895113593749995 0.655287115625 0.48957360781250003 0.6363795515625 0.4886399 0.633053221875 0.49050731406250003 0.62762605 0.4914410203125 0.6141456578125 0.4920634921875 0.4835434171875 0.4929971984375 0.4802170875 0.490196078125 0.474789915625 0.4914410203125 0.4711134453125 0.49050731406250003 0.41876750625000003 0.48895113593749995 0.412289915625 0.48366013125 0.40003501406249997 0.47494553437500003 0.3837535015625 0.46716464375 0.3739495796875 0.4643635234375 0.368522409375 0.4612511671875 0.36554621875 0.4475568 0.3457633046875 0.4382197328125 0.3357843140625 0.43510737656250004 0.33000700312500003 0.42483660156249997 0.32282913125 0.42203548125 0.31337535 0.41705571093750005 0.3072478984375 0.4052287578125 0.2871148453125 0.4002489890625 0.284663865625 0.396825396875 0.2809873953125 0.3918456265625 0.27275910312499996 0.38717709375 0.2694327734375 0.3828197953125 0.2638305328125 0.382508559375 0.2619047625 0.3750389046875 0.2545518203125 0.374105196875 0.24807422968749998 0.3716153125 0.2445728296875 0.37068160625 0.2338935578125 0.3750389046875 0.22811624687499998 0.3781512609375 0.22811624687499998 0.3800186734375 0.22951680625 0.3831310296875 0.2270658265625 0.3775287890625 0.2258403359375 0.3765950828125 0.2244397765625 0.377217553125 0.2223389359375 0.37970743906250004 0.2202380953125 0.378462496875 0.2181372546875 0.3775287890625 0.2069327734375 0.3790849671875 0.19625350156250002 0.37784002499999997 0.19257703125 0.378462496875 0.18504902031249998 0.3759726109375 0.1752450984375 0.373171490625 0.1706932765625 0.366946778125 0.1680672265625 0.3625894796875 0.168242296875 0.3591658890625 0.16649159687499998 0.34889511406249996 0.16456582656250002 0.3317771546875 0.16351540625 0.3202614375 0.1636904765625 0.3174603171875 0.1629901953125 0.31310301875 0.163865546875 0.3037659515625 0.16351540625 0.2997198875 0.165616246875 0.297852475 0.1657913171875 0.290071584375 0.1633403359375 0.27419856875000004 0.1633403359375 0.2586367875 0.1642156859375 0.248054778125 0.1680672265625 0.245876128125 0.171568628125 0.24463118593750002 0.1769957984375 0.24400871406250002 0.19712885156249998 0.2461873640625 0.20290616250000001 0.2461873640625 0.21008403437499998 0.25054466249999996 0.217086834375 0.24680983437499998 0.2202380953125 0.24743230624999998 0.22426470625 0.25552443125 0.2338935578125 0.254590725 0.24824929999999998 0.25241207656250003 0.2535014 0.236539059375 0.27748599375 0.2272019921875 0.2874649859375 0.2231559296875 0.2955182078125 0.21693121718750003 0.30304621875 0.21724245312499998 0.307773109375 0.2147525671875 0.3089986 0.2107065046875 0.31337535 0.20915032656250002 0.317226890625 0.2013694359375 0.3263305328125 0.19607843125 0.3301820734375 0.190476190625 0.33911064375 0.1836290078125 0.3457633046875 0.18145035781250002 0.3525910359375 0.1752256453125 0.3581932765625 0.172424525 0.36274509843749997 0.1721132890625 0.36642156875 0.1671335203125 0.37132352968750004 0.1559290390625 0.390056021875 0.1553065671875 0.39373249375 0.151882975 0.3974089640625 0.15126050468750002 0.401085434375 0.148459384375 0.4044117640625 0.1459694984375 0.41123949531250004 0.147214440625 0.47076330468750005 0.17553688125 0.7727591031250001 0.17553688125 0.7820378156250001 0.17958294375 0.7927170875
0 0 0.8343837531249999 0.002489884375 0.8361344531249999 0.0059134765625000005 0.8410364140625 0.0258325546875 0.8531162468750001 0.0367258015625 0.85626750625 0.05010893281249999 0.8569677875 0.0715841890625 0.8524159656249999 0.07812013749999999 0.848564425 0.084656084375 0.8473389359375 0.0958605671875 0.8385854343749999 0.115468409375 0.8165266109375 0.1300964828125 0.8139005609375 0.135076253125 0.811974790625 0.14067849375000002 0.8114495796875 0.148459384375 0.8072478984375 0.1562402734375 0.8005952375 0.16526610625 0.7874649859375 0.1665110484375 0.782913165625 0.1671335203125 0.7536764703125 0.16962340468749998 0.7480742296875 0.16962340468749998 0.744397759375 0.165888578125 0.7344187671875 0.157485215625 0.725665265625 0.156551509375 0.7232142859375 0.156551509375 0.705882353125 0.1593526296875 0.6966036421874999 0.1584189234375 0.6850490203125 0.1618425140625 0.6573879546875 0.1599751015625 0.6496848734375 0.1577964515625 0.6067927171874999 0.1559290390625 0.60276610625 0.1537503890625 0.5819327734375 0.1546840953125 0.57370448125 0.15219421093750002 0.5434173671875 0.15094926875 0.5413165265625001 0.1444133203125 0.484943978125 0.145347028125 0.46568627500000004 0.1441020859375 0.44520308125 0.13849984375 0.43942577031249996 0.1419234359375 0.43557422968750004 0.14161220000000002 0.421568628125 0.143168378125 0.41123949531250004 0.1378773734375 0.40248599374999994 0.1332088390625 0.397584034375 0.13103019062500001 0.39023109218749996 0.10208527812499998 0.3546918765625 0.09274821093749999 0.3464635859375 0.0821662 0.33385854375 0.077497665625 0.33123249375 0.07500778125 0.327380953125 0.0690943046875 0.32282913125 0.0675381265625 0.3203781515625 0.06473700624999999 0.320728290625 0.05851229375 0.3182773109375 0.056022409375000005 0.31390056093749996 0.0582010578125 0.3105742296875 0.055399937499999996 0.307773109375 0.053843759375 0.304271709375 0.027699968749999998 0.27661064375 0.0258325546875 0.2753851546875 0.023031434375 0.2762605046875 0.02054155 0.27485994375 0.019919078125 0.2720588234375 0.014939309375000001 0.2655812328125 0.0146280734375 0.26207983125 0.010893246875 0.2545518203125 0.0068471828125 0.25140056093749996 0.0049797703125 0.2433473390625 0.0034235921875 0.2477240890625 0.0034235921875 0.2522759109375 0.0059134765625000005 0.2554271703125 0.0040460625 0.25770308124999997 0.0052910046875 0.26295518281249997 0.0040460625 0.265056021875 0.0049797703125 0.2669817921875 0 0.3242296921875 0 0.8343837531249999
0 0.38593215000000003 0.2244397765625 0.3837535015625 0.22759103593750002 0.3759726109375 0.2300420171875 0.372237784375 0.234068628125 0.3728602546875 0.2445728296875 0.37472766874999996 0.247023809375 0.3765950828125 0.2554271703125 0.384375971875 0.2627801125 0.39651416093749997 0.2788865546875 0.40087145937499996 0.282913165625 0.42390289374999995 0.3177521015625 0.435729846875 0.33000700312500003 0.4447556796875 0.342086834375 0.45066915625000004 0.34821428593750003 0.47307812031249996 0.37867647031249996 0.4864612515625 0.400210084375 0.48770619374999996 0.407037815625 0.49050731406250003 0.41071428593750003 0.4945533765625 0.43014705937500003 0.49797696875 0.42542016875 0.4985994390625 0.4227941171875 0.4982882046875 0.40336134531249995 0.49393090624999997 0.3965336140625 0.49486461249999997 0.39373249375 0.4920634921875 0.3886554625 0.48708372187500004 0.38515406093750004 0.48552754374999996 0.37517507031249997 0.47961406718750005 0.36992296874999997 0.4786803609375 0.366946778125 0.47338935624999995 0.3632703078125 0.4755680046875 0.3588935578125 0.47338935624999995 0.3573179265625 0.4705882359375 0.3511904765625 0.4693432921875 0.3457633046875 0.47089947031249996 0.3431372546875 0.470277 0.3396358546875 0.46716464375 0.33700980468749997 0.46342981562499996 0.3363095234375 0.459383753125 0.33700980468749997 0.453159040625 0.33175770312499997 0.446000621875 0.3230042015625 0.4397759109375 0.3135504203125 0.43946467499999997 0.3107493 0.43386243437500005 0.3016456578125 0.431683784375 0.30024509843749997 0.431683784375 0.296743696875 0.42421412968750005 0.28658963593750003 0.4211017734375 0.2762605046875 0.42265795156249997 0.273459384375 0.4223467171875 0.271008403125 0.4148770625 0.26523109218749996 0.411142234375 0.2647058828125 0.4089635859375 0.26207983125 0.41051976406249996 0.2605042015625 0.415188296875 0.25945378125 0.41674447499999995 0.2552521015625 0.41176470624999995 0.24935801875000002 0.41083099843750004 0.24562325000000002 0.41207594218750004 0.23774509843749997 0.4148770625 0.234243696875 0.415188296875 0.2305672265625 0.4126984125 0.22811624687499998 0.411142234375 0.2167366953125 0.40958605625000005 0.21358543437500002 0.40771864375 0.21113445312499998 0.4052287578125 0.20990896406249998 0.394646746875 0.20903361406249998 0.38593215000000003 0.20605742343750003 0.3831310296875 0.20588235312499997 0.38157485156250004 0.2069327734375 0.37970743906250004 0.2169117640625 0.3828197953125 0.220413165625 0.3853096796875 0.2216386546875 0.38593215000000003 0.2244397765625
0 0.11982570781249999 0.27591036406249997 0.12138188593749999 0.27678571406249997 0.12636165625 0.28431372499999996 0.1577964515625 0.3177521015625 0.1643324 0.3230042015625 0.1749144109375 0.33911064375 0.1786492375 0.34068627500000004 0.1820728296875 0.340336134375 0.18580765625 0.33841036406249997 0.1942110171875 0.328256303125 0.20479302812500003 0.31092437031250003 0.20417055781250001 0.30829831875 0.20043572968749998 0.3054971984375 0.18643012812499998 0.2830882359375 0.1851851859375 0.273634453125 0.18829754062499998 0.2608543421875 0.18736383437499998 0.24142156875 0.1861188921875 0.2370448171875 0.1830065359375 0.2330182078125 0.1786492375 0.229866946875 0.1615312796875 0.22724089687500001 0.1260504203125 0.226540615625 0.1232493 0.22724089687500001 0.12138188593749999 0.23021708749999997 0.121693121875 0.250568978125 0.1170245875 0.25507703125000003 0.117647059375 0.2668067234375 0.11982570781249999 0.27591036406249997
0 0.1917211328125 0.28658963593750003 0.1948334890625 0.291491596875 0.19607843125 0.2960434171875 0.198568315625 0.2979691875 0.19919078750000002 0.3005952375 0.20479302812500003 0.3079481796875 0.20666044218750002 0.3089986 0.21008403437499998 0.3070728296875 0.24120759375 0.2662815125 0.2430750078125 0.262429971875 0.2486772484375 0.2557773109375 0.24992219062499998 0.251225490625 0.2486772484375 0.24947479062500003 0.2455648921875 0.247899159375 0.2343604109375 0.2447478984375 0.2272019921875 0.2438725484375 0.2147525671875 0.2433473390625 0.190476190625 0.2438725484375 0.18892001249999998 0.24439775937500002 0.18829754062499998 0.24842437031250003 0.18892001249999998 0.26523109218749996 0.1861188921875 0.2724089640625 0.1926548390625 0.28203781562499997 0.1917211328125 0.28658963593750003
0 0.43012760625 0.27573529375 0.4282601921875 0.2792366953125 0.4298163703125 0.2862394953125 0.4344849046875 0.2946428578125 0.44226579531250004 0.3142507 0.4456893875 0.3182773109375 0.4534702765625 0.32160364218750004 0.4572051046875 0.3252801125 0.46342981562499996 0.3268557421875 0.46747587968750004 0.3252801125 0.467787115625 0.3209033609375 0.46405228750000005 0.313025209375 0.45627139687499996 0.28764005625 0.45876128281249995 0.2794117640625 0.45876128281249995 0.2717086828125 0.460006225 0.2697829125 0.460006225 0.25367647031249996 0.45876128281249995 0.251225490625 0.45502645468749997 0.24824929999999998 0.4488017421875 0.2477240890625 0.4354186125 0.24492296875 0.43386243437500005 0.25437675 0.4344849046875 0.2655812328125 0.43137254843750006 0.2685574234375 0.43012760625 0.27573529375
0 0.47307812031249996 0.31512605 0.471833178125 0.31757703125000003 0.47370059062500003 0.319677871875 0.476812946875 0.320553221875 0.47805788906249996 0.322303921875 0.4777466546875 0.3280812328125 0.47961406718750005 0.32913165312500003 0.48085901093750005 0.3315826328125 0.483037659375 0.33123249375 0.4849050734375 0.33342086875 0.4858387796875 0.33911064375 0.48801742968750006 0.3422619046875 0.486150015625 0.344712884375 0.48770619374999996 0.3487394953125 0.48770619374999996 0.3529411765625 0.48926237187500005 0.3538165265625 0.4945533765625 0.3622198875 0.4982882046875 0.36554621875 0.50420168125 0.3767507 0.5088702140625 0.3811274515625 0.5119825703124999 0.3804271703125 0.51229380625 0.3790266109375 0.5119825703124999 0.360819328125 0.5104263921875 0.3588935578125 0.5048241515624999 0.35749299687499997 0.503579209375 0.3552170875 0.5048241515624999 0.3517156859375 0.5076252718750001 0.34926470625 0.5119825703124999 0.3511904765625 0.5132275125 0.3466386546875 0.5147836906250001 0.3058473390625 0.5166511046875 0.2934173671875 0.52474323125 0.27415966406250003 0.53190165 0.26225490156250003 0.539993775 0.2517507 0.547774665625 0.23459383749999999 0.5524432 0.2296918765625 0.560535325 0.2244397765625 0.5624027390624999 0.22146358593749998 0.5655150953125 0.21008403437499998 0.5708061 0.2030812328125 0.5711173359374999 0.19957983125 0.56769374375 0.19520308125000002 0.5655150953125 0.193977590625 0.5608465609375 0.1927521015625 0.535325240625 0.1911764703125 0.5222533453125 0.1924019609375 0.5147836906250001 0.1953781515625 0.5113601 0.2011554625 0.5101151578125 0.210959384375 0.5085589796875001 0.21463585468750002 0.5001556171875 0.220413165625 0.502645503125 0.224789915625 0.4982882046875 0.2282913171875 0.49766573281250004 0.229866946875 0.4998443828125 0.23686974843750003 0.498910675 0.24842437031250003 0.47992530312500004 0.275210084375 0.47525676875 0.279586834375 0.46498599374999994 0.2934173671875 0.46405228750000005 0.2979691875 0.4643635234375 0.30339635781249996 0.46716464375 0.307773109375 0.46965452812499997 0.30882352968750004 0.47307812031249996 0.31512605
0 0.574540928125 0.1992296921875 0.586679115625 0.18312325000000002 0.5953937125000001 0.17542016875 0.593837534375 0.1731442578125 0.5891690015625 0.1710434171875 0.5869903515625 0.1675420171875 0.584811703125 0.1671918765625 0.5804544046875 0.168242296875 0.573295984375 0.171743696875 0.5695611578124999 0.17542016875 0.5670712734375 0.1838235296875 0.5667600375 0.1929271703125 0.56769374375 0.195728290625 0.5711173359374999 0.1994047625 0.574540928125 0.1992296921875
0 0.58823529375 0.18067226875 0.59228135625 0.17892156875 0.60255213125 0.1698179265625 0.617491440625 0.1521358546875 0.6184251484375001 0.1470588234375 0.615624028125 0.14023109218750002 0.612511671875 0.1388305328125 0.5953937125000001 0.14058123281249998 0.5907251796875 0.143382353125 0.5885465296875 0.1461834734375 0.5869903515625 0.1542366953125 0.5857454093750001 0.17191876718750002 0.586679115625 0.173319328125 0.58636788125 0.17892156875 0.58823529375 0.18067226875
0 0.8328664796874999 0.19782913124999998 0.8309990656249999 0.203256303125 0.8362900718749999 0.21323529375 0.85932150625 0.24107142812500001 0.8627450984375 0.2424719890625 0.8677248671875001 0.2380952375 0.8692810453125001 0.2344187671875 0.8680361031249999 0.230742296875 0.8708372234375 0.2279411765625 0.8705259875 0.22408963593750003 0.8727046375 0.2190126046875 0.87581699375 0.2167366953125 0.8786181140625 0.2158613453125 0.8851540609375 0.2065826328125 0.8932461875 0.20290616250000001 0.8994709000000001 0.19625350156250002 0.90258325625 0.1911764703125 0.9091192031249999 0.18557422968749998 0.9125427953124999 0.17839635781250002 0.9153439156250001 0.1757703078125 0.92001245 0.168242296875 0.923436040625 0.157913165625 0.92312480625 0.1542366953125 0.9156551515625001 0.14740896406249998 0.9131652656250001 0.142507003125 0.9069405546875 0.1395308125 0.891690009375 0.1384803921875 0.8643012765625 0.139180671875 0.8518518515625001 0.14058123281249998 0.8422035484375 0.143382353125 0.8381574859375001 0.1467086828125 0.8362900718749999 0.1509103640625 0.8338001875 0.1680672265625 0.8316215375 0.1752450984375 0.8325552437500001 0.18032212812499998 0.8366013078125001 0.185399159375 0.8369125421874999 0.1915266109375 0.8328664796874999 0.19782913124999998
0 0.619670090625 0.1423319328125 0.6296296296875 0.13462885156249998 0.641145346875 0.1197478984375 0.644880175 0.110119046875 0.6461251171875 0.1020658265625 0.6461251171875 0.098039215625 0.644257703125 0.095063025 0.6399004046875 0.0940126046875 0.633986928125 0.0955882359375 0.6230936812500001 0.102415965625 0.62122626875 0.105742296875 0.6184251484375001 0.127976190625 0.61500155625 0.1367296921875 0.6159352625000001 0.1404061625 0.619670090625 0.1423319328125