0 0.1859375 0.95625 0.2046875 0.959375 0.2109375 0.9625 0.215625 0.96875 0.21875 0.98125 0.2265625 0.9890625 0.2296875 0.9890625 0.2375 0.9984375 0.2203125 0.9984375 0.21875 0.996875 0.14375 0.9984375 0.1421875 0.996875 0.14375 0.96875 0.171875 0.9578125 0.184375 0.95625
0 0.8171875 0.384375 0.821875 0.3875 0.8234375 0.39375 0.8140625 0.403125 0.803125 0.3984375 0.796875 0.3921875 0.7921875 0.390625 0.7890625 0.3859375 0.815625 0.384375
0 0.5140625 0.3859375 0.51875 0.3828125 0.5328125 0.38125 0.5609375 0.3828125 0.565625 0.3921875 0.565625 0.3984375 0.56875 0.4015625 0.5546875 0.4203125 0.55 0.41875 0.515625 0.3875
0 0.7609375 0.86875 0.7640625 0.8734375 0.7625 0.884375 0.7390625 0.9203125 0.721875 0.9421875 0.7109375 0.965625 0.7078125 0.965625 0.6875 0.946875 0.6796875 0.94375 0.653125 0.9109375 0.6515625 0.9046875 0.6546875 0.896875 0.6546875 0.884375 0.6640625 0.8796875 0.6734375 0.8796875 0.6828125 0.8765625 0.70625 0.875 0.7359375 0.86875 0.759375 0.86875
0 0.5828125 0.89375 0.61875 0.8859375 0.6515625 0.8828125 0.6515625 0.8953125 0.6484375 0.903125 0.6546875 0.9171875 0.678125 0.9453125 0.6859375 0.9484375 0.7046875 0.965625 0.7140625 0.9765625 0.721875 0.9921875 0.7265625 0.9953125 0.7203125 0.9984375 0.65625 0.9984375 0.6546875 0.996875 0.6515625 0.9984375 0.5375 0.9984375 0.5375 0.99375 0.5453125 0.978125 0.56875 0.946875 0.5890625 0.9125 0.590625 0.9015625 0.584375 0.8953125
0 0.471875 0.3359375 0.48125 0.340625 0.4828125 0.3484375 0.48125 0.36875 0.4890625 0.375 0.5078125 0.384375 0.528125 0.403125 0.5328125 0.4046875 0.5484375 0.4203125 0.5640625 0.4515625 0.5671875 0.471875 0.5640625 0.546875 0.56875 0.5890625 0.5703125 0.63125 0.578125 0.6578125 0.5796875 0.6796875 0.584375 0.69375 0.5875 0.7453125 0.590625 0.7609375 0.5890625 0.7890625 0.58125 0.8078125 0.571875 0.81875 0.546875 0.8234375 0.5203125 0.8171875 0.50625 0.8296875 0.49375 0.8359375 0.465625 0.834375 0.4453125 0.81875 0.4390625 0.81875 0.434375 0.821875 0.415625 0.8265625 0.3984375 0.825 0.3875 0.81875 0.375 0.8015625 0.3734375 0.778125 0.3703125 0.765625 0.3703125 0.728125 0.365625 0.703125 0.365625 0.65625 0.36875 0.6484375 0.36875 0.6203125 0.365625 0.5984375 0.3671875 0.5765625 0.365625 0.575 0.365625 0.5578125 0.3625 0.55 0.3625 0.5296875 0.359375 0.528125 0.3546875 0.5125 0.3546875 0.478125 0.3515625 0.4640625 0.3515625 0.440625 0.3578125 0.425 0.3859375 0.39375 0.4078125 0.3796875 0.4171875 0.3703125 0.4125 0.353125 0.4140625 0.340625 0.41875 0.3375 0.4421875 0.334375 0.4703125 0.3359375
0 0.83125 0.8578125 0.8484375 0.853125 0.8734375 0.8515625 0.88125 0.8484375 0.9015625 0.8484375 0.9265625 0.875 0.9265625 0.8796875 0.9140625 0.89375 0.8953125 0.9234375 0.890625 0.9359375 0.8875 0.9375 0.8671875 0.91875 0.853125 0.9125 0.83125 0.8875 0.828125 0.88125 0.828125 0.865625 0.83125 0.859375
0 0.9984375 0.3765625 0.9984375 0.6015625 0.996875 0.6078125 0.9953125 0.6078125 0.9921875 0.590625 0.990625 0.559375 0.984375 0.528125 0.984375 0.50625 0.9828125 0.5046875 0.984375 0.4609375 0.98125 0.4453125 0.9671875 0.421875 0.9671875 0.415625 0.9703125 0.4109375 0.9953125 0.3875 0.996875 0.384375 0.9953125 0.38125 0.9984375 0.378125
0 0.6375 0.36875 0.640625 0.378125 0.6375 0.39375 0.6421875 0.3984375 0.6515625 0.4015625 0.6578125 0.4078125 0.6546875 0.4171875 0.6453125 0.425 0.6390625 0.4375 0.634375 0.4625 0.634375 0.475 0.6421875 0.5078125 0.6453125 0.5125 0.6453125 0.51875 0.65 0.5265625 0.65 0.54375 0.653125 0.5546875 0.653125 0.5734375 0.65625 0.5953125 0.6546875 0.6171875 0.6578125 0.6265625 0.6546875 0.64375 0.6546875 0.6609375 0.65625 0.6625 0.6546875 0.68125 0.659375 0.7078125 0.6578125 0.734375 0.6640625 0.7625 0.6640625 0.7671875 0.6609375 0.76875 0.65 0.7671875 0.634375 0.7578125 0.6234375 0.7578125 0.609375 0.7625 0.59375 0.7609375 0.5921875 0.7328125 0.5890625 0.7203125 0.5890625 0.7 0.575 0.6328125 0.5734375 0.596875 0.5703125 0.584375 0.5703125 0.5546875 0.5671875 0.5421875 0.5671875 0.5171875 0.5703125 0.5046875 0.5703125 0.4671875 0.5671875 0.45 0.55625 0.428125 0.5578125 0.41875 0.5671875 0.4078125 0.5734375 0.4015625 0.5828125 0.4 0.5859375 0.396875 0.5875 0.39375 0.58125 0.38125 0.58125 0.3765625 0.5859375 0.3703125 0.6046875 0.3671875 0.6359375 0.36875
0 0.9984375 0.834375 0.9984375 0.925 0.996875 0.9265625 0.9984375 0.9953125 0.9953125 0.9984375 0.9796875 0.996875 0.9171875 0.9984375 0.915625 0.99375 0.9171875 0.984375 0.909375 0.9765625 0.90625 0.96875 0.896875 0.95625 0.8921875 0.946875 0.8921875 0.9375 0.909375 0.9046875 0.93125 0.88125 0.9328125 0.875 0.9390625 0.8671875 0.94375 0.8546875 0.94375 0.8453125 0.940625 0.8421875 0.990625 0.8328125 0.996875 0.834375
0 0 0.3265625 0.00625 0.328125 0.0125 0.3484375 0.0046875 0.35625 0.00625 0.3625 0.040625 0.3828125 0.06875 0.4046875 0.0828125 0.41875 0.0921875 0.4328125 0.103125 0.459375 0.10625 0.475 0.10625 0.4984375 0.1046875 0.5 0.1046875 0.515625 0.1 0.53125 0.1 0.559375 0.1046875 0.6015625 0.1046875 0.6578125 0.1140625 0.6984375 0.1140625 0.7125 0.11875 0.7265625 0.121875 0.7515625 0.1203125 0.825 0.1140625 0.84375 0.103125 0.8625 0.0890625 0.8765625 0.075 0.8828125 0.0484375 0.884375 0.0109375 0.8765625 0 0.8796875 0 0.503125 0.003125 0.5015625 0.003125 0.4828125 0 0.48125 0 0.328125
0 0.109375 0.50625 0.109375 0.5125 0.1171875 0.53125 0.1171875 0.5390625 0.1203125 0.546875 0.121875 0.609375 0.1234375 0.6109375 0.1234375 0.6296875 0.1265625 0.640625 0.1234375 0.671875 0.1234375 0.7078125 0.1203125 0.7140625 0.1078125 0.6578125 0.1078125 0.6 0.1046875 0.5828125 0.10625 0.5734375 0.1046875 0.571875 0.103125 0.5375 0.109375 0.5078125
0 0.296875 0.9359375 0.365625 0.9234375 0.3765625 0.9234375 0.3859375 0.9359375 0.384375 0.946875 0.35625 0.984375 0.3515625 0.9953125 0.346875 0.9984375 0.2828125 0.9984375 0.28125 0.996875 0.2828125 0.98125 0.296875 0.946875 0.296875 0.9375
0 0.7546875 0.34375 0.7625 0.3484375 0.7671875 0.3625 0.7625 0.36875 0.7625 0.3734375 0.7703125 0.38125 0.7859375 0.3875 0.809375 0.4046875 0.8296875 0.425 0.8421875 0.4515625 0.84375 0.49375 0.840625 0.5046875 0.840625 0.515625 0.84375 0.5265625 0.8421875 0.5328125 0.85 0.5984375 0.85 0.6171875 0.8515625 0.61875 0.85 0.6265625 0.853125 0.6296875 0.853125 0.6375 0.85625 0.640625 0.85625 0.65 0.859375 0.6578125 0.8578125 0.6609375 0.8625 0.68125 0.8609375 0.684375 0.8625 0.7328125 0.865625 0.7421875 0.865625 0.7578125 0.8609375 0.771875 0.846875 0.790625 0.8328125 0.7953125 0.81875 0.7953125 0.7921875 0.7875 0.7765625 0.7859375 0.7671875 0.79375 0.75625 0.7984375 0.734375 0.7984375 0.721875 0.79375 0.7109375 0.784375 0.6859375 0.7828125 0.6734375 0.7734375 0.6671875 0.7625 0.6609375 0.725 0.6625 0.70625 0.6578125 0.6828125 0.659375 0.671875 0.6578125 0.6375 0.6625 0.6265625 0.6609375 0.625 0.6609375 0.5875 0.6640625 0.58125 0.6625 0.5796875 0.6625 0.5515625 0.6640625 0.55 0.6609375 0.54375 0.659375 0.521875 0.6515625 0.51875 0.6453125 0.509375 0.6375 0.4703125 0.640625 0.440625 0.6484375 0.425 0.6578125 0.4171875 0.6609375 0.4109375 0.6890625 0.3859375 0.703125 0.3765625 0.703125 0.371875 0.696875 0.365625 0.6984375 0.35 0.703125 0.346875 0.7234375 0.34375 0.753125 0.34375
0 0.3015625 0.934375 0.3046875 0.9359375 0.2984375 0.9390625 0.296875 0.953125 0.2921875 0.9578125 0.2890625 0.9703125 0.284375 0.978125 0.2828125 0.9921875 0.278125 0.9984375 0.24375 0.9984375 0.2328125 0.978125 0.23125 0.9703125 0.2265625 0.965625 0.225 0.9671875 0.228125 0.959375 0.2234375 0.953125 0.2234375 0.946875 0.2484375 0.940625 0.2671875 0.9390625 0.275 0.9359375 0.3 0.934375
0 0.2296875 0.3296875 0.23125 0.33125 0.25 0.33125 0.25625 0.334375 0.259375 0.3390625 0.2578125 0.365625 0.2625 0.3703125 0.2859375 0.3828125 0.315625 0.4046875 0.3171875 0.409375 0.328125 0.4203125 0.3390625 0.4375 0.3453125 0.4546875 0.35 0.478125 0.3484375 0.5125 0.3453125 0.525 0.3484375 0.634375 0.35 0.6359375 0.35 0.653125 0.35625 0.66875 0.359375 0.7 0.3640625 0.7203125 0.3640625 0.765625 0.36875 0.7859375 0.36875 0.8046875 0.359375 0.828125 0.3515625 0.8375 0.3421875 0.8421875 0.30625 0.840625 0.2921875 0.85 0.28125 0.8609375 0.26875 0.8640625 0.2453125 0.8625 0.221875 0.846875 0.215625 0.846875 0.1984375 0.8546875 0.184375 0.8578125 0.1578125 0.85625 0.146875 0.8484375 0.1375 0.8359375 0.1296875 0.8171875 0.1296875 0.8 0.128125 0.7984375 0.125 0.7125 0.1265625 0.7109375 0.1265625 0.66875 0.1296875 0.64375 0.125 0.6109375 0.1234375 0.5453125 0.1109375 0.5015625 0.1109375 0.453125 0.1234375 0.4203125 0.13125 0.4125 0.1375 0.4015625 0.1875 0.3671875 0.1890625 0.3609375 0.1828125 0.35 0.1828125 0.3359375 0.1890625 0.33125 0.228125 0.3296875
0 0.40625 0.3640625 0.409375 0.365625 0.4078125 0.3765625 0.3859375 0.390625 0.35625 0.4234375 0.35 0.434375 0.346875 0.446875 0.3390625 0.43125 0.328125 0.4171875 0.325 0.4078125 0.3328125 0.4 0.3328125 0.396875 0.346875 0.39375 0.35 0.390625 0.34375 0.38125 0.346875 0.378125 0.3484375 0.3671875 0.3609375 0.3625 0.403125 0.3625 0.4046875 0.3640625
0 0.5765625 0.8953125 0.5859375 0.90625 0.5828125 0.91875 0.5640625 0.95 0.5453125 0.9734375 0.5328125 0.9984375 0.5125 0.9984375 0.5 0.9828125 0.4625 0.946875 0.45625 0.9328125 0.459375 0.9140625 0.4625 0.9109375 0.4734375 0.9078125 0.5125 0.903125 0.521875 0.9 0.546875 0.8984375 0.565625 0.89375 0.575 0.8953125
0 0.146875 0.3796875 0.1515625 0.384375 0.1515625 0.3875 0.1359375 0.3984375 0.1234375 0.415625 0.1140625 0.4328125 0.10625 0.4546875 0.096875 0.4390625 0.096875 0.4265625 0.1234375 0.4046875 0.125 0.4 0.121875 0.39375 0.1296875 0.378125 0.1453125 0.3796875
0 0.8546875 0.915625 0.8703125 0.925 0.8875 0.9421875 0.8921875 0.95625 0.9046875 0.971875 0.90625 0.9796875 0.9109375 0.9875 0.9125 0.9984375 0.7421875 0.9984375 0.7375 0.9953125 0.7359375 0.996875 0.7296875 0.9953125 0.7296875 0.990625 0.721875 0.984375 0.7140625 0.9671875 0.7265625 0.9390625 0.746875 0.9140625 0.765625 0.884375 0.7671875 0.8703125 0.7703125 0.865625 0.8046875 0.859375 0.825 0.859375 0.8234375 0.8625 0.825 0.88125 0.828125 0.8875 0.853125 0.915625
0 0.3515625 0.5140625 0.3546875 0.51875 0.35625 0.5328125 0.359375 0.540625 0.3625 0.6078125 0.365625 0.6234375 0.3640625 0.625 0.3625 0.6671875 0.359375 0.66875 0.353125 0.646875 0.35 0.553125 0.3484375 0.5515625 0.3484375 0.5265625 0.3515625 0.515625
0 0.1078125 0.50625 0.109375 0.50625 0.109375 0.5125 0.115625 0.5265625 0.1171875 0.540625 0.1203125 0.546875 0.121875 0.615625 0.125 0.634375 0.1234375 0.709375 0.1203125 0.715625 0.1078125 0.6609375 0.1078125 0.6421875 0.10625 0.640625 0.1078125 0.6140625 0.10625 0.6125 0.1046875 0.5640625 0.103125 0.5625 0.103125 0.5296875 0.1078125 0.5078125
0 0.66015625 0.39609375 0.04296875 0.02265625
0 0.3453125 0.3796875 0.35 0.3875 0.35 0.3921875 0.340625 0.396875 0.325 0.409375 0.315625 0.3984375 0.3203125 0.3828125 0.3265625 0.3796875 0.34375 0.3796875
0 0.89375 0.3515625 0.9015625 0.35625 0.903125 0.3703125 0.9 0.3765625 0.90625 0.3828125 0.9171875 0.3859375 0.9578125 0.4140625 0.9734375 0.434375 0.9796875 0.4484375 0.9828125 0.4765625 0.98125 0.521875 0.984375 0.53125 0.984375 0.54375 0.9890625 0.5671875 0.990625 0.6078125 0.9953125 0.6125 0.9953125 0.628125 0.996875 0.6296875 0.9953125 0.6328125 0.996875 0.6359375 0.9953125 0.715625 0.9984375 0.7328125 0.996875 0.7640625 0.978125 0.7671875 0.9453125 0.7609375 0.9328125 0.7703125 0.921875 0.7734375 0.9015625 0.771875 0.878125 0.7578125 0.871875 0.7484375 0.871875 0.709375 0.86875 0.68125 0.865625 0.6734375 0.8625 0.646875 0.85625 0.63125 0.8578125 0.6234375 0.8546875 0.615625 0.8546875 0.6015625 0.8515625 0.590625 0.8515625 0.559375 0.8484375 0.55 0.8484375 0.53125 0.846875 0.5296875 0.8484375 0.515625 0.84375 0.5109375 0.846875 0.4953125 0.846875 0.45625 0.8328125 0.421875 0.821875 0.4078125 0.821875 0.4015625 0.825 0.396875 0.840625 0.3859375 0.8453125 0.3796875 0.840625 0.3703125 0.840625 0.359375 0.84375 0.35625 0.865625 0.3515625 0.8921875 0.3515625
0 0.903125 0.371875 0.90625 0.3703125 0.928125 0.371875 0.93125 0.378125 0.93125 0.3859375 0.9359375 0.390625 0.9359375 0.396875 0.934375 0.396875 0.9234375 0.3875 0.9046875 0.38125 0.9015625 0.3765625 0.903125 0.3734375
0 0.3828125 0.921875 0.453125 0.9109375 0.4546875 0.921875 0.45 0.9296875 0.4546875 0.9421875 0.475 0.9640625 0.4953125 0.98125 0.509375 0.9984375 0.4078125 0.9984375 0.403125 0.9953125 0.396875 0.9984375 0.353125 0.9984375 0.3515625 0.9953125 0.3859375 0.946875 0.3890625 0.9328125 0.3859375 0.93125 0.3828125 0.9234375
1 0.771875 0.3703125 0.7765625 0.3734375 0.778125 0.38125 0.775 0.3828125 0.765625 0.378125 0.7640625 0.3734375 0.7703125 0.371875
1 0.671875 0.3859375 0.678125 0.3875 0.6796875 0.390625 0.678125 0.39375 0.665625 0.4015625 0.6546875 0.4015625 0.6421875 0.396875 0.6390625 0.3921875 0.64375 0.3859375 0.6703125 0.3859375
1 0.65 0.88125 0.6515625 0.8953125 0.6484375 0.8984375 0.6375 0.9015625 0.6046875 0.903125 0.590625 0.9 0.584375 0.896875 0.5828125 0.89375 0.5875 0.890625 0.6359375 0.8828125 0.6484375 0.8828125
1 0.46875 0.334375 0.48125 0.3390625 0.484375 0.3484375 0.484375 0.3546875 0.48125 0.35625 0.4796875 0.3546875 0.4359375 0.3546875 0.4171875 0.3578125 0.4125 0.3578125 0.4109375 0.3546875 0.4109375 0.3421875 0.415625 0.3375 0.43125 0.334375 0.4671875 0.334375
1 0.9171875 0.3703125 0.9296875 0.3734375 0.93125 0.384375 0.925 0.3875 0.903125 0.3796875 0.9046875 0.371875 0.915625 0.3703125
1 0.7484375 0.3421875 0.7625 0.3453125 0.7671875 0.3640625 0.7171875 0.3625 0.696875 0.3671875 0.6953125 0.365625 0.696875 0.35 0.7 0.346875 0.7296875 0.3421875 0.746875 0.3421875
1 0.8171875 0.384375 0.821875 0.3875 0.8234375 0.39375 0.8109375 0.4 0.8015625 0.396875 0.7890625 0.3859375 0.815625 0.384375
1 0.121875 0.390625 0.13125 0.4 0.1296875 0.403125 0.121875 0.40625 0.1109375 0.40625 0.103125 0.4015625 0.1046875 0.39375 0.1125 0.390625 0.1203125 0.390625
1 0.25625 0.3328125 0.259375 0.3359375 0.2625 0.353125 0.234375 0.35 0.23125 0.3515625 0.221875 0.35 0.1828125 0.3515625 0.18125 0.3390625 0.1859375 0.33125 0.2078125 0.328125 0.228125 0.328125 0.2296875 0.3296875 0.2453125 0.3296875 0.2546875 0.3328125
1 0.40625 0.3640625 0.409375 0.3671875 0.409375 0.3734375 0.4078125 0.3765625 0.4015625 0.3796875 0.3546875 0.3796875 0.353125 0.38125 0.346875 0.38125 0.346875 0.3703125 0.353125 0.3640625 0.3609375 0.3625 0.403125 0.3625 0.4046875 0.3640625
1 0.5546875 0.38125 0.5625 0.384375 0.5640625 0.396875 0.5359375 0.396875 0.534375 0.3953125 0.528125 0.396875 0.515625 0.3875 0.515625 0.384375 0.5203125 0.3828125 0.553125 0.38125
1 0.1875 0.9578125 0.20625 0.9609375 0.2140625 0.9671875 0.2171875 0.9875 0.2140625 0.9953125 0.209375 0.9984375 0.146875 0.9984375 0.1453125 0.996875 0.1421875 0.978125 0.14375 0.9703125 0.146875 0.9671875 0.171875 0.959375 0.1859375 0.9578125
1 0.3203125 0.3828125 0.328125 0.3796875 0.3453125 0.3796875 0.3515625 0.390625 0.35 0.39375 0.3453125 0.3953125 0.3203125 0.396875 0.31875 0.3953125 0.3203125 0.384375
1 0.9390625 0.8421875 0.946875 0.8390625 0.9984375 0.83125 0.9984375 0.846875 0.9953125 0.8484375 0.95625 0.8484375 0.940625 0.84375
1 0 0.325 0.0046875 0.325 0.0078125 0.328125 0.0125 0.34375 0.0109375 0.3484375 0 0.346875 0 0.3265625
1 0.16640625 0.36796875 0.04296875 0.021875
1 0.7703125 0.865625 0.796875 0.859375 0.825 0.85625 0.8265625 0.8625 0.8140625 0.86875 0.771875 0.8671875
1 0.14375 0.378125 0.15 0.3828125 0.1515625 0.3875 0.140625 0.3953125 0.1265625 0.39375 0.1265625 0.38125 0.1359375 0.3765625 0.1421875 0.378125
1 0.634375 0.3671875 0.6390625 0.3703125 0.640625 0.384375 0.60625 0.3828125 0.5859375 0.3859375 0.58125 0.3828125 0.58125 0.375 0.584375 0.3703125 0.6 0.3671875 0.6328125 0.3671875
1 0.3828125 0.921875 0.4234375 0.9140625 0.4359375 0.9140625 0.4453125 0.9109375 0.4546875 0.9125 0.453125 0.925 0.4375 0.93125 0.3984375 0.9328125 0.3875 0.9296875 0.3828125 0.9265625 0.3828125 0.9234375
1 0.896875 0.3515625 0.9015625 0.3546875 0.9046875 0.36875 0.8765625 0.3671875 0.8453125 0.371875 0.8390625 0.3703125 0.8390625 0.359375 0.84375 0.3546875 0.859375 0.3515625 0.8953125 0.3515625
2 0.984375 0.509375 0.9984375 0.5078125 0.9984375 0.5953125 0.9953125 0.6 0.9890625 0.5640625 0.9890625 0.55 0.984375 0.5296875 0.984375 0.5109375
2 0.5609375 0.525 0.5640625 0.5265625 0.565625 0.5375 0.565625 0.5640625 0.5671875 0.565625 0.5671875 0.5828125 0.5703125 0.6 0.56875 0.6015625 0.5703125 0.63125 0.571875 0.6328125 0.5703125 0.640625 0.5484375 0.6453125 0.5203125 0.6453125 0.5015625 0.6484375 0.471875 0.6484375 0.45 0.6515625 0.4171875 0.6484375 0.384375 0.6484375 0.36875 0.64375 0.36875 0.6203125 0.365625 0.5984375 0.365625 0.559375 0.3625 0.5515625 0.3609375 0.5328125 0.3671875 0.5296875 0.490625 0.528125 0.4921875 0.5265625 0.559375 0.525
2 0.634375 0.521875 0.6484375 0.5234375 0.65 0.5265625 0.65 0.546875 0.6546875 0.5640625 0.653125 0.565625 0.6546875 0.5734375 0.653125 0.584375 0.65625 0.5984375 0.65625 0.615625 0.6515625 0.615625 0.646875 0.61875 0.6234375 0.61875 0.621875 0.6203125 0.5796875 0.61875 0.5734375 0.615625 0.5703125 0.5640625 0.5671875 0.5515625 0.5671875 0.5265625 0.5875 0.5234375 0.6328125 0.521875
2 0.3421875 0.5328125 0.3453125 0.534375 0.346875 0.5453125 0.35 0.6546875 0.3109375 0.6640625 0.2703125 0.665625 0.26875 0.6671875 0.221875 0.6671875 0.2203125 0.66875 0.159375 0.66875 0.14375 0.6671875 0.128125 0.6625 0.128125 0.628125 0.125 0.615625 0.1265625 0.5984375 0.125 0.596875 0.121875 0.5390625 0.1796875 0.5390625 0.18125 0.5375 0.225 0.5390625 0.2265625 0.5375 0.340625 0.534375
2 0.3484375 0.53125 0.35625 0.5296875 0.359375 0.5375 0.359375 0.55 0.3625 0.5625 0.3640625 0.61875 0.365625 0.6203125 0.3640625 0.640625 0.35625 0.6421875 0.3515625 0.634375 0.3484375 0.5328125
2 0.1 0.5421875 0.1015625 0.5796875 0.1046875 0.596875 0.10625 0.66875 0.103125 0.671875 0.078125 0.678125 0.0234375 0.684375 0.0171875 0.6828125 0 0.684375 0 0.5484375 0.0234375 0.5453125 0.0984375 0.5421875
2 0.8484375 0.515625 0.98125 0.5125 0.990625 0.5828125 0.990625 0.6046875 0.9890625 0.60625 0.990625 0.6109375 0.9875 0.6125 0.9546875 0.6140625 0.953125 0.615625 0.925 0.6140625 0.89375 0.6171875 0.85625 0.615625 0.8515625 0.58125 0.8515625 0.5546875 0.8484375 0.5484375 0.846875 0.534375 0.846875 0.51875 0.8484375 0.5171875
2 0.925 0.9875 0.93125 0.990625 0.940625 0.990625 0.971875 0.9984375 0.915625 0.9984375 0.915625 0.9875 0.9171875 0.9859375 0.9234375 0.9875
2 0.840625 0.5171875 0.84375 0.5203125 0.84375 0.5453125 0.846875 0.55625 0.846875 0.58125 0.85 0.5921875 0.8515625 0.6234375 0.8390625 0.628125 0.8203125 0.628125 0.81875 0.6296875 0.790625 0.628125 0.7734375 0.63125 0.7703125 0.6296875 0.7203125 0.63125 0.69375 0.628125 0.6890625 0.6296875 0.6875 0.628125 0.671875 0.628125 0.6625 0.625 0.659375 0.621875 0.6625 0.60625 0.6609375 0.5875 0.6640625 0.58125 0.6625 0.5796875 0.6625 0.546875 0.659375 0.5234375 0.6875 0.5203125 0.7375 0.5203125 0.7390625 0.521875 0.7484375 0.5203125 0.7578125 0.5234375 0.765625 0.5203125 0.7796875 0.521875 0.7875 0.51875 0.8390625 0.5171875
3 0 0.5434173671875 0.0049797703125 0.5446428578125 0.0065359484374999995 0.54289215625 0.012760659375 0.5416666671875 0.0255213203125 0.5421918765625 0.029256146875 0.5435924375 0.0329909734375 0.5439425765625 0.04014939375 0.5435924375 0.049797696875000005 0.5418417359375 0.074385309375 0.5418417359375 0.088702146875 0.5404411765625 0.09430438906250001 0.5392156859375 0.0983504515625 0.5404411765625 0.098972921875 0.5502450984375 0.0999066296875 0.5483193281250001 0.098972921875 0.5327380953125 0.10146280781250001 0.5292366953125 0.1030189859375 0.5232843140625 0.1061313421875 0.4985994390625 0.10582010625 0.46656162500000004 0.098972921875 0.44607843125 0.08496732031250001 0.4212184875 0.0746965453125 0.41123949531250004 0.0454403984375 0.41088935624999995 0.019296607812499998 0.4089635859375 0.010270775 0.40966386562499996 0.0040460625 0.40931372499999996 0 0.40966386562499996 0 0.5434173671875
3 0 0.8807773109375001 0.001556178125 0.8807773109375001 0.0065359484374999995 0.8778011203125 0.00933706875 0.8774509796875 0.018985371875 0.877976190625 0.043261748437500004 0.8835784312499999 0.049175225 0.8842787109374999 0.07096171875 0.8839285718750001 0.08185496406250001 0.8806022406249999 0.091814503125 0.875 0.10582010625 0.8594187671875 0.1167133515625 0.838935575 0.1232493 0.8135504203125 0.1232493 0.7680322125 0.12107064999999999 0.7394957984375 0.11422346718750001 0.6962535015625 0.10955493281249999 0.6790966390625 0.10924369687499999 0.674194678125 0.10582010625 0.6720938375000001 0.1009959546875 0.6744572828125001 0.0311235609375 0.6859243703125 0.029256146875 0.685399159375 0.0278555859375 0.6863620453125 0.023031434375 0.6859243703125 0.0224089640625 0.6852240890625 0.01742919375 0.6876750703125001 0.016184251562499998 0.6897759109375 0.013071895312500002 0.690476190625 0.011826953125000001 0.6929271703125 0.0043572984375 0.693102240625 0 0.692226890625 0 0.8807773109375001
3 0.2832244015625 0.535539215625 0.3059446 0.5341386546875 0.324929971875 0.533788515625 0.3314659203125 0.5330882359375 0.3339558046875 0.530287115625 0.345471521875 0.526435575 0.3498288203125 0.50507703125 0.35014005625 0.49807422968750004 0.348583878125 0.467086834375 0.3467164640625 0.463585434375 0.34640522812499996 0.455882353125 0.336756925 0.4320728296875 0.3246187359375 0.416491596875 0.3205726734375 0.4133403359375 0.317771553125 0.41264005625 0.3071895421875 0.41246498593750003 0.303454715625 0.410189075 0.3006535953125 0.40966386562499996 0.2959850609375 0.41071428593750003 0.2934951765625 0.41001400625000006 0.2897603484375 0.41053921562499995 0.2875817 0.41211484531250003 0.28446934375 0.4119397765625 0.2832244015625 0.41071428593750003 0.2791783375 0.41001400625000006 0.265483971875 0.4098389359375 0.2200435734375 0.41071428593750003 0.2147525671875 0.41211484531250003 0.20946156249999998 0.41246498593750003 0.1942110171875 0.41088935624999995 0.1671335203125 0.41176470624999995 0.153439153125 0.41264005625 0.148459384375 0.4136904765625 0.14036725781249998 0.4142156859375 0.1375661375 0.41526610625 0.13352007500000002 0.414740896875 0.12822906875 0.416491596875 0.1251167140625 0.41876750625000003 0.122626828125 0.4248949578125 0.1232493 0.4287464984375 0.11982570781249999 0.4299719890625 0.11422346718750001 0.44222689062500004 0.11235605312500001 0.4492296921875 0.11391223125000001 0.5164565828125001 0.116402115625 0.5220588234375 0.119514471875 0.53764005625 0.1229380640625 0.54026610625 0.19203236875000002 0.5371148453125001 0.199813259375 0.5374649859375 0.21630874531250002 0.536414565625 0.22066604375 0.5369397765625 0.24961095625000002 0.535539215625 0.2832244015625 0.535539215625
3 0.1749144109375 0.8597689078125 0.191409896875 0.8569677875 0.20977279843750002 0.851540615625 0.215686275 0.848564425 0.2214441328125 0.8488270312499999 0.2343604109375 0.8571428578125 0.23685029531250001 0.8595938375 0.24431995 0.8637955187499999 0.252100840625 0.8653711484375 0.263305321875 0.8653711484375 0.27606598125000004 0.863445378125 0.28260192968750003 0.8611694671875 0.2888266421875 0.8550420171875001 0.30469965781249997 0.8422619046875001 0.308434484375 0.8413865546875 0.320883909375 0.844187675 0.3252412078125 0.844187675 0.338313103125 0.8434873953125 0.34796140625 0.8408613453125 0.35574229687500003 0.8352591031250001 0.36041083125 0.8286064421875 0.3688141921875 0.8105742296875 0.3703703703125 0.7955182078124999 0.3697478984375 0.7820378156250001 0.366013071875 0.7552521015625 0.365079365625 0.717436975 0.355119825 0.6603641453125 0.3523187046875 0.6542366953125 0.34889511406249996 0.653711484375 0.3473389359375 0.654936975 0.3037659515625 0.6659663859375 0.2959850609375 0.6666666671875 0.2614379078125 0.667366946875 0.2586367875 0.668242296875 0.2549019609375 0.6677170875 0.25303454687500004 0.6684173671875 0.2464986 0.66876750625 0.24120759375 0.668242296875 0.2303143484375 0.6689425765625 0.2272019921875 0.6680672265625 0.22408963593750003 0.669117646875 0.2175536875 0.6698179265624999 0.2113289765625 0.6694677875 0.18798630624999998 0.6708683468750001 0.1537503890625 0.669117646875 0.1378773734375 0.6671918765625 0.13352007500000002 0.665616246875 0.1307189546875 0.6657913171875001 0.12791783437499998 0.666491596875 0.12636165625 0.6680672265625 0.1254279484375 0.6810224093749999 0.1232493 0.7246148453125001 0.12480547812500001 0.735585959375 0.1272953625 0.8116246500000001 0.12947401249999999 0.8212535015625001 0.135076253125 0.8345588234375001 0.1450357921875 0.84838935625 0.150326796875 0.8531162468750001 0.1615312796875 0.858368346875 0.169000934375 0.8597689078125 0.1749144109375 0.8597689078125
3 0.3569872390625 0.5122549015625 0.36041083125 0.5136554624999999 0.3613445375 0.515056021875 0.358854653125 0.5171568625 0.35823218125 0.5190826328125 0.3600995953125 0.5259103640625 0.361967009375 0.527310925 0.369125428125 0.528186275 0.373171490625 0.5274859937499999 0.3943355125 0.528186275 0.44973545000000004 0.5267857140625 0.4525365703125 0.5271358546875 0.459383753125 0.5318627453125 0.460006225 0.5336134453125 0.465608465625 0.5294117640625 0.470277 0.5288865546875 0.47370059062500003 0.5276610640625 0.4811702453125 0.527836134375 0.5038904453125 0.5250350140625 0.523187053125 0.52485994375 0.5284780578125 0.5238095234375 0.53283535625 0.52485994375 0.5440398375 0.523459384375 0.5462184875 0.5239845937500001 0.5536881421875 0.5238095234375 0.560535325 0.522584034375 0.5617802671875001 0.5217086828124999 0.5648926234375 0.515056021875 0.5670712734375 0.5003501406249999 0.56769374375 0.472689075 0.5645813875 0.453256303125 0.560535325 0.439600840625 0.554933084375 0.43224789843750006 0.55026455 0.422443978125 0.5480859015624999 0.4210434171875 0.546840959375 0.41789215625000004 0.5440398375 0.414915965625 0.5393713046874999 0.41246498593750003 0.530345471875 0.41123949531250004 0.5228758171875 0.40878851562499996 0.5188297546875 0.40966386562499996 0.5157173984375001 0.4080882359375 0.5126050421875 0.4086134453125 0.5082477437499999 0.407913165625 0.499533146875 0.40913865468750005 0.486150015625 0.40948879531250004 0.4761904765625 0.40948879531250004 0.4668534078125 0.40826330468750005 0.452225334375 0.4098389359375 0.446000621875 0.40913865468750005 0.44288826718749996 0.4098389359375 0.431683784375 0.40966386562499996 0.428571428125 0.41053921562499995 0.42608154374999996 0.412289915625 0.42203548125 0.413165265625 0.4148770625 0.412289915625 0.411142234375 0.41264005625 0.4042950515625 0.41036414531250004 0.40211640156249995 0.411414565625 0.40211640156249995 0.414040615625 0.3990040453125 0.4145658265625 0.3940242765625 0.4128151265625 0.390600684375 0.413165265625 0.3884220359375 0.4142156859375 0.37877373125 0.4136904765625 0.3750389046875 0.413865546875 0.374105196875 0.4145658265625 0.3697478984375 0.41351540625 0.3625894796875 0.41929271718749994 0.35823218125 0.42507002812500005 0.35169623437499997 0.4389005609375 0.35169623437499997 0.44345238125 0.3504512921875 0.4459033609375 0.34951758437499997 0.4539565828125 0.3520074703125 0.4621848734375 0.3523187046875 0.47093837499999996 0.3544973546875 0.47373949531250004 0.3554310609375 0.48056722656249995 0.35418611875 0.48774509843749997 0.35636476875 0.5031512609375 0.3554310609375 0.5117296921875 0.35574229687500003 0.5131302515625 0.3569872390625 0.5122549015625
3 0.39775910312499996 0.8256302515625 0.40367257968750003 0.8270308125 0.4123871765625 0.8270308125 0.42203548125 0.825805321875 0.428571428125 0.8235294124999999 0.43230625624999997 0.8231792718750001 0.43635231875 0.8210784312499999 0.437908496875 0.8182773109375001 0.44226579531250004 0.8195028015625001 0.4475568 0.8223039218749999 0.46405228750000005 0.8349089640624999 0.4668534078125 0.835959384375 0.4777466546875 0.8373599437499999 0.4849050734375 0.8371848734375 0.4985994390625 0.8350840343750001 0.5054466234375 0.83123249375 0.516962340625 0.8205532218749999 0.5222533453125 0.8168767499999999 0.5241207593749999 0.8170518203125001 0.53283535625 0.8209033609375 0.539993775 0.8216036421874999 0.5434173671875 0.8230042015624999 0.5462184875 0.8224789921875001 0.55026455 0.8230042015624999 0.5577342046875 0.8217787109374999 0.5680049796875 0.8212535015625001 0.574540928125 0.8177521015625 0.5823218171875 0.8075980390625 0.5885465296875 0.793242296875 0.5910364140625 0.7792366953125 0.5910364140625 0.765056021875 0.5857454093750001 0.7020308125 0.5807656390625 0.6796218484375001 0.57796451875 0.6573879546875 0.57298475 0.6456582640625 0.5714285718750001 0.6447829125 0.5642701531250001 0.64548319375 0.5599128546875 0.6474089640625 0.5568004984375 0.646883753125 0.539993775 0.651085434375 0.5294117640625 0.6517857140625 0.525054465625 0.651435575 0.5225645812499999 0.6489845937500001 0.519452225 0.647584034375 0.5157173984375001 0.6470588234375 0.5147836906250001 0.64810924375 0.5094926859375 0.6488095234375 0.5088702140625 0.6474089640625 0.5076252718750001 0.6474089640625 0.505757859375 0.65073529375 0.47370059062500003 0.6521358546875 0.47089947031249996 0.652836134375 0.45160286406249994 0.6521358546875 0.4389458453125 0.653711484375 0.43230625624999997 0.6526610640625 0.41674447499999995 0.6535364140625 0.40771864375 0.652310925 0.40460628749999994 0.6512605046875 0.399937753125 0.6524859937499999 0.3943355125 0.6512605046875 0.39153439218749997 0.651960784375 0.3884220359375 0.6517857140625 0.37690631875 0.6496848734375 0.3719265484375 0.6500350140625 0.3653906 0.6542366953125 0.366013071875 0.658438375 0.36290071562500004 0.6822478984375 0.3625894796875 0.6892507 0.369125428125 0.7305672265625 0.36850295625 0.7554271703125 0.36943666406250003 0.7678571421875 0.37254902031250003 0.779061625 0.37472766874999996 0.8033963578125001 0.376283846875 0.8074229687500001 0.38188608749999997 0.8147759109375 0.3893557421875 0.8212535015625001 0.39775910312499996 0.8256302515625
3 0.6563958921874999 0.4982493 0.6542172421875 0.49807422968750004 0.6554621843749999 0.5017507 0.652349828125 0.50507703125 0.6520385937500001 0.5117296921875 0.6479925296875 0.5154061624999999 0.6542172421875 0.5190826328125 0.6582633046875 0.5180322125 0.66230936875 0.519257703125 0.7002801125 0.51960784375 0.7205104265625 0.51873249375 0.7245564890625 0.5194327734375 0.7363834421875 0.5182072828125001 0.740740740625 0.520133053125 0.7394957984375 0.52485994375 0.7373171484375 0.52573529375 0.737628384375 0.527310925 0.7416744468750001 0.5255602234375 0.74447556875 0.5262605046875 0.751011515625 0.5245098046875001 0.7569249921875 0.5239845937500001 0.7653283531249999 0.5215336140625 0.768440709375 0.5227591031250001 0.7759103640625 0.5224089640625 0.7830687828125 0.5238095234375 0.7846249609375 0.5220588234375 0.78120136875 0.5189075625 0.784313725 0.5178571421875 0.800186740625 0.5176820734375001 0.8148148140625 0.5152310921875001 0.8176159359374999 0.5162815125 0.818860878125 0.515056021875 0.8232181765625001 0.515056021875 0.8247743546875 0.515756303125 0.8275754750000001 0.5143557421875 0.8313103015625 0.5152310921875001 0.8344226578124999 0.513305321875 0.8384687203125001 0.5126050421875 0.8369125421874999 0.508228290625 0.840336134375 0.4982493 0.8394024281249999 0.4945728296875 0.842514784375 0.4912464984375 0.8440709609375 0.4844187671875 0.8440709609375 0.46341036406249997 0.8418923125 0.45115546249999994 0.8309990656249999 0.4264705875 0.8278867109375 0.4219187671875 0.825396825 0.420868346875 0.8235294124999999 0.41789215625000004 0.8173047 0.413165265625 0.7964519140624999 0.4142156859375 0.788982259375 0.4133403359375 0.77310924375 0.4129901953125 0.7553688140625 0.41509103593749996 0.7158418921874999 0.414740896875 0.703703703125 0.41719187656249995 0.685340803125 0.41719187656249995 0.6722689078124999 0.41841736718749994 0.6654217250000001 0.42051820781249993 0.6563958921874999 0.420868346875 0.6532835359375 0.4219187671875 0.650482415625 0.42524509843749997 0.6507936515625 0.42629551875000005 0.6467475874999999 0.4283963578125 0.642701525 0.438725490625 0.6430127609375 0.44012605000000005 0.6461251171875 0.44275210156249994 0.6461251171875 0.44485294062499997 0.6423902890625001 0.4459033609375 0.6405228765625 0.4441526609375 0.6392779328125 0.45238095312500004 0.6386554624999999 0.47076330468750005 0.6399004046875 0.4861694671875 0.6405228765625 0.48721988749999995 0.642701525 0.4859943984375 0.6476812953125 0.484943978125 0.6548397140625 0.48721988749999995 0.6582633046875 0.491071428125 0.6595082484375 0.49439775937499997 0.6591970125 0.49614845937499996 0.6563958921874999 0.4982493
3 0.7065048234375 0.7841386546875 0.7102396515625 0.7857142859375 0.7164643640625 0.7913165265625001 0.727357609375 0.797619046875 0.7394957984375 0.7998949578125 0.747899159375 0.8002450984375 0.76688453125 0.7972689078124999 0.7703081234375 0.7944677875 0.7721755375 0.7897408968749999 0.7774665421875 0.7874649859375 0.7902272015625 0.7886904765625 0.8039215687500001 0.793242296875 0.8110799875 0.7948179265624999 0.8213507625 0.7958683468750001 0.8313103015625 0.7962184875 0.8431372546875 0.793242296875 0.8456271390625 0.79201680625 0.8518518515625001 0.7862394953125 0.8590102703125 0.776435575 0.863990040625 0.765931371875 0.8677248671875001 0.7524509796875 0.8661686890625001 0.705007003125 0.860877684375 0.6733193281250001 0.859943978125 0.6547619046875 0.8568316218750001 0.6416316531249999 0.8537192656249999 0.634803921875 0.8555866796875 0.629726890625 0.8518518515625001 0.6278011203125 0.8478057890624999 0.628851540625 0.683784625 0.63182773125 0.6760037343749999 0.63007703125 0.6676003734375 0.6311274515624999 0.661064425 0.6286764703125 0.6598194828125 0.6299019609375 0.661064425 0.6381302515625 0.6591970125 0.6405812328125 0.657640834375 0.6465336140625 0.6573295984375 0.6684173671875 0.661064425 0.72776610625 0.6660441953125 0.7587535015625 0.6682228453125 0.765756303125 0.6747587921875 0.7762605046875 0.678182384375 0.7794117640625 0.685340803125 0.7832633046875 0.6959228140625 0.785539215625 0.6993464046875 0.785539215625 0.7065048234375 0.7841386546875
3 0.6059757234375 0.7631302515625 0.62931839375 0.7575280109375 0.634194521875 0.7583450625 0.6399004046875 0.761554621875 0.6439464671875 0.765056021875 0.65390600625 0.7689075625 0.6613756609375 0.76960784375 0.6654217250000001 0.7689075625 0.6660441953125 0.7652310921875001 0.66013071875 0.748774509375 0.658574540625 0.736694678125 0.6582633046875 0.7029061624999999 0.6554621843749999 0.6778711484375 0.65515095 0.6432809875000001 0.65608465625 0.637429971875 0.6554621843749999 0.63095238125 0.6567071265625 0.6265756296875 0.6542172421875 0.6200980390625 0.6492374734374999 0.6183473390625001 0.647370059375 0.6162464984375 0.5981948328125 0.621148459375 0.58823529375 0.61992296875 0.5807656390625 0.61992296875 0.574540928125 0.61554621875 0.57609710625 0.6395308125 0.5873015875 0.7004551828125 0.5910364140625 0.7477240890625 0.5935263 0.76207983125 0.5953937125000001 0.763305321875 0.6059757234375 0.7631302515625
3 0.625894803125 0.52135854375 0.6445689390625 0.521008403125 0.6470588234375 0.51873249375 0.6392779328125 0.4954481796875 0.63554310625 0.46831232500000003 0.6383442265625 0.44257703125000003 0.6414565828125001 0.43242296874999997 0.6405228765625 0.4308473390625 0.63554310625 0.429446778125 0.6193588546875 0.4287464984375 0.5966386546875 0.4304971984375 0.57391845625 0.4311974796875 0.56769374375 0.43242296874999997 0.5617802671875001 0.4352240890625 0.5680049796875 0.4616596640625 0.569249921875 0.47338935624999995 0.5686274515624999 0.499568978125 0.5664488015625 0.5154061624999999 0.56769374375 0.5250350140625 0.5711173359374999 0.5253851546874999 0.59041394375 0.5229341734374999 0.6090880796875 0.5217086828124999 0.6168689703125 0.52223389375 0.625894803125 0.52135854375
3 0.9116090874999999 0.5127801125 0.9458450046875001 0.5106792718750001 0.9673202609375 0.51032913125 0.971366325 0.5096288515625 0.9732337375 0.50857843125 0.9744786796874999 0.50595238125 0.9732337375 0.50087535 0.9779022718749999 0.4982493 0.9785247437500001 0.4945728296875 0.9807033921875 0.4933473390625 0.9816371 0.49142156875 0.9816371 0.46235994375 0.9807033921875 0.457633053125 0.9772798015624999 0.45675770312499997 0.9785247437500001 0.451680671875 0.9772798015624999 0.4438025203125 0.971366325 0.43224789843750006 0.964519140625 0.42804621875000004 0.9635854343749999 0.4234943984375 0.9601618421874999 0.41964285781250005 0.9498910671875 0.41754201718750006 0.9455337687500001 0.41806722656249995 0.9427326484374999 0.417366946875 0.9315281671875001 0.41719187656249995 0.9290382812500001 0.416491596875 0.9147214437500001 0.416491596875 0.9047619046875001 0.41754201718750006 0.9004046062500001 0.41684173593749996 0.8976034859375 0.41806722656249995 0.8938686578124999 0.417366946875 0.8888888890625 0.41964285781250005 0.8873327109375 0.42261904687499996 0.8835978843750001 0.4212184875 0.8801742921875 0.42542016875 0.87581699375 0.4257703078125 0.872082165625 0.42524509843749997 0.8686585750000001 0.42629551875000005 0.8664799249999999 0.42892156875 0.8624338625 0.42717086875000004 0.8621226265624999 0.42454481718750003 0.863990040625 0.421743696875 0.85932150625 0.41841736718749994 0.8577653281250001 0.41929271718749994 0.847494553125 0.4213935578125 0.84500466875 0.4227941171875 0.8422035484375 0.421568628125 0.8409586062500001 0.421743696875 0.8390911921875001 0.42454481718750003 0.8353563640624999 0.4236694671875 0.8344226578124999 0.42436974843749997 0.8350451296875001 0.4283963578125 0.8431372546875 0.44485294062499997 0.8468720828125 0.4592086828125 0.848117025 0.48721988749999995 0.847494553125 0.49929972031250003 0.8456271390625 0.5073529406249999 0.846560846875 0.5127801125 0.8493619671875001 0.5134803921875 0.8611889203124999 0.5138305328125 0.9116090874999999 0.5127801125
3 0.901027078125 0.7727591031250001 0.9103641453125 0.7741596640624999 0.9212573921875 0.7739845937500001 0.9293495171874999 0.772584034375 0.94148770625 0.7645308125 0.9458450046875001 0.7629551828125 0.9492685968749999 0.7631302515625 0.9654528484375 0.7666316531249999 0.974789915625 0.767507003125 0.9807033921875 0.7678571421875 0.9953314656250001 0.7661064421875 0.9965764078125 0.7655812328125 0.997510115625 0.7626050421875 0.9996887640625 0.76120448125 0.9996887640625 0.685399159375 0.997510115625 0.682773109375 0.9962651734374999 0.651960784375 0.997510115625 0.6369047625 0.9962651734374999 0.61817226875 0.9943977593750001 0.6139705875 0.9909741671875001 0.6118697484375 0.9878618109374999 0.6136204484375 0.9822595703125 0.6148459390625 0.9598506062500001 0.6160714281249999 0.9498910671875 0.6176470593750001 0.9424214125000001 0.6158963578125001 0.9315281671875001 0.6160714281249999 0.9259259265625 0.6171218484375001 0.918456271875 0.6174719890625 0.9116090874999999 0.61904761875 0.9053843765625 0.6192226890625 0.901027078125 0.6179971984375 0.8960473078125 0.6188725484375001 0.8583878 0.6176470593750001 0.8565203859375 0.619397759375 0.85620915 0.6267507 0.85932150625 0.63357843125 0.8590102703125 0.6376050421875 0.8667911609375001 0.67717086875 0.8699035171875 0.7015056015625001 0.872082165625 0.7275910359375 0.8708372234375 0.7552521015625 0.8727046375 0.75857843125 0.8832866484374999 0.7617296921875 0.901027078125 0.7727591031250001
3 0.9912854031249999 0.41841736718749994 0.9719887953124999 0.4213935578125 0.9694989109375 0.4231442578125 0.969187675 0.42524509843749997 0.978835978125 0.44240196093749995 0.98257080625 0.45693277343750005 0.9847494546875 0.4767156859375 0.9835045125 0.5007002796875 0.9844382203125001 0.5122549015625 0.9887955187499999 0.5064775906250001 0.9996887640625 0.5066526609374999 0.9996887640625 0.41806722656249995 0.9912854031249999 0.41841736718749994
3 0.8929349515625 0.9642857140625001 0.8913787734374999 0.9602591031250001 0.891690009375 0.9560574234375 0.8904450671875 0.953256303125 0.8867102390625 0.9499299718750001 0.8873327109375 0.9457282906250001 0.8854652968750001 0.9424019609375 0.8667911609375001 0.9252450984375 0.8487394953124999 0.9136904765624999 0.845938375 0.9150910359375001 0.8418923125 0.9156162468750001 0.8313103015625 0.9131652656250001 0.8278867109375 0.9131652656250001 0.825396825 0.914040615625 0.8219732343749999 0.9131652656250001 0.813569871875 0.9129901953124999 0.811702459375 0.9147408968749999 0.8092125734375 0.9147408968749999 0.8073451609375001 0.9129901953124999 0.7836912546875 0.9119397765624999 0.782757546875 0.9107142859374999 0.7799564265625001 0.9119397765624999 0.7752878921875 0.9124649859374999 0.77093059375 0.912289915625 0.768440709375 0.9112394953124999 0.7647058828125 0.9129901953124999 0.7631497046875 0.9147408968749999 0.7584811703125001 0.9149159656249999 0.74852163125 0.9175420171875001 0.7426081546875001 0.9213935578125 0.7286025515625 0.9355742296875 0.7167755984374999 0.9578081234375 0.7142857140625 0.966211484375 0.713974478125 0.9707633046874999 0.7167755984374999 0.9770658265625001 0.7307812015625 0.9971988796875 0.7326486156249999 0.9982493 0.7326486156249999 0.9998249296875 0.91285403125 0.9998249296875 0.9106753812499999 0.98792016875 0.905073140625 0.9828431375 0.9016495484375 0.97338935625 0.8929349515625 0.9642857140625001
3 0.9383753499999999 0.9907212890625001 0.9436663546874999 0.9926470593750001 0.952380953125 0.9935224093749999 0.9673202609375 0.99667366875 0.9775910359375001 0.9975490203125 0.9794584499999999 0.9982493 0.9794584499999999 0.9998249296875 0.9996887640625 0.9998249296875 0.9996887640625 0.9000350140625001 0.9950202296875 0.8977591031250001 0.9919078750000001 0.8991596640624999 0.987239340625 0.8981092437499999 0.9856831625 0.8958333328125001 0.9828820421875 0.894257703125 0.9828820421875 0.8926820734375 0.985060690625 0.890931371875 0.984126984375 0.8886554625 0.9822595703125 0.8904061625 0.9754123874999999 0.8893557421875 0.973856209375 0.8869047625 0.97012138125 0.8890056015625 0.9670090265625 0.889180671875 0.9620292562499999 0.888305321875 0.9598506062500001 0.8867296921875001 0.9567382515625 0.8874299718750001 0.9530034234375 0.8862044812500001 0.94957983125 0.8867296921875001 0.9461562406249999 0.8855042015624999 0.9361967015625 0.8848039218749999 0.9305944593750001 0.8856792718750001 0.9268596328125 0.88707983125 0.9181450359375001 0.8963585437500001 0.911297853125 0.9012605046875001 0.9078742609375 0.906162465625 0.8938686578124999 0.93154761875 0.8913787734374999 0.9390756296875 0.8910675375 0.9439775906250001 0.8938686578124999 0.9529061625 0.9013383125000001 0.9620098046875001 0.9069405546875 0.9749649859374999 0.9116090874999999 0.9800420171875001 0.9131652656250001 0.9837184875 0.9162776218750001 0.9863445375 0.9237472765625 0.98792016875 0.92717086875 0.9894957984375001 0.9383753499999999 0.9907212890625001
3 0.6716464359375001 0.9418767499999999 0.6682228453125 0.9410014 0.664799253125 0.9411764703125 0.663865546875 0.9420518203125001 0.6582633046875 0.9432773109375001 0.653594771875 0.9436274515624999 0.64985994375 0.9431022406249999 0.6399004046875 0.9450280109375001 0.63554310625 0.9441526609374999 0.6285403046875 0.9459908968749999 0.6249610953125 0.9460784312499999 0.6230936812500001 0.9443277312499999 0.620603796875 0.9462535015625001 0.6162464984375 0.9464285718750001 0.6106442578125 0.9487044812500001 0.600062246875 0.9494047625 0.5972611265625 0.94782913125 0.5957049484375 0.9455532218749999 0.5813881109375 0.9448529406249999 0.579520696875 0.9460784312499999 0.57609710625 0.9460784312499999 0.574540928125 0.9448529406249999 0.568316215625 0.94957983125 0.5652038593750001 0.954131653125 0.560535325 0.9581582640624999 0.5552443203124999 0.966561625 0.55026455 0.9702380953124999 0.546840959375 0.9744397765624999 0.536570184375 0.9945728296875 0.5356364765625 0.9998249296875 0.722377840625 0.9998249296875 0.721132896875 0.9865196078125 0.7114845937500001 0.97251400625 0.7024587609374999 0.9635854343749999 0.6943666359375 0.9574579828124999 0.6890756296875 0.955007003125 0.679116090625 0.9457282906250001 0.6747587921875 0.9448529406249999 0.6716464359375001 0.9418767499999999