1 0.2015625 0.071875 0.06484375 0.06796875
1 0.26328125 0.1171875 0.05078125 0.05078125
1 0.3765625 0.11875 0.05625 0.06875
1 0.5234375 0.11796875 0.0609375 0.07421875
1 0.65390625 0.1484375 0.0625 0.065625
1 0.71875 0.19375 0.04765625 0.05078125
1 0.796875 0.2140625 0.0421875 0.04453125
1 0.621875 0.175 0.028125 0.0484375
1 0.31171875 0.13984375 0.0375 0.0515625
1 0.153125 0.10703125 0.05078125 0.0609375
1 0.4109375 0.14765625 0.04140625 0.04296875
2 0.20078125 0.72265625 0.18203125 0.28359375
2 0.35625 0.6921875 0.12734375 0.2640625
2 0.4890625 0.74375 0.1640625 0.29140625
2 0.63125 0.71328125 0.13125 0.26484375
2 0.71875 0.63671875 0.06484375 0.1859375
2 0.7859375 0.621875 0.08203125 0.19765625
2 0.10546875 0.5921875 0.028125 0.1875
3 0.19609375 0.6078125 0.1875 0.78359375
3 0.3671875 0.61171875 0.159375 0.7765625
3 0.5 0.625 0.1890625 0.75
3 0.64296875 0.6359375 0.1515625 0.728125
3 0.7796875 0.59375 0.12890625 0.5515625
3 0.72890625 0.6015625 0.0875 0.6046875
0 0.7875 0.52890625 0.11640625 0.6953125
0 0.20078125 0.5171875 0.1796875 0.965625
0 0.36484375 0.54140625 0.15 0.9171875
0 0.50234375 0.5421875 0.1859375 0.91484375
0 0.64375 0.56171875 0.15859375 0.8765625
0 0.7234375 0.54375 0.09921875 0.73828125
0 0.13046875 0.42265625 0.10234375 0.68359375
0 0.27421875 0.29609375 0.090625 0.45390625