1 0.2046875 0.29296875 0.11640625 0.02734375
1 0.50859375 0.28125 0.12734375 0.0328125
1 0.84296875 0.27109375 0.14765625 0.0328125
2 0.0515625 0.48359375 0.103125 0.10859375
2 0.22734375 0.4703125 0.35234375 0.10625
2 0.5171875 0.46171875 0.33046875 0.10390625
2 0.821875 0.45546875 0.35546875 0.09921875
3 0.0703125 0.553125 0.140625 0.39140625
3 0.23515625 0.54296875 0.37421875 0.40078125
3 0.52421875 0.53984375 0.3453125 0.415625
3 0.83125 0.5359375 0.33671875 0.44296875
0 0.07578125 0.51171875 0.15078125 0.475
0 0.25234375 0.50390625 0.3453125 0.48359375
0 0.53203125 0.50546875 0.35078125 0.4875
0 0.825 0.49921875 0.34921875 0.496875