1 0.85859375 0.32109375 0.16484375 0.0484375
1 0.7515625 0.30625 0.1328125 0.03828125
1 0.678125 0.29921875 0.1 0.03671875
1 0.63125 0.29453125 0.05078125 0.025
1 0.54375 0.30546875 0.1546875 0.04375
1 0.93828125 0.31015625 0.09921875 0.03984375
1 0.9890625 0.31796875 0.02109375 0.03203125
1 0.26953125 0.29609375 0.134375 0.0328125
1 0.05390625 0.28828125 0.10703125 0.04375
1 0.1171875 0.27890625 0.0921875 0.02421875
1 0.296875 0.2796875 0.13515625 0.02109375
1 0.49375 0.29296875 0.1296875 0.02421875
1 0.4296875 0.284375 0.0421875 0.02421875
1 0.3953125 0.2828125 0.0390625 0.021875
1 0.58515625 0.284375 0.0453125 0.01953125
2 0.0703125 0.45703125 0.140625 0.1015625
2 0.24765625 0.4765625 0.26015625 0.11484375
2 0.5203125 0.50078125 0.30546875 0.12890625
2 0.81484375 0.52421875 0.3203125 0.1421875
2 0.98203125 0.51015625 0.03515625 0.115625
3 0.078125 0.53203125 0.15546875 0.3703125
3 0.2640625 0.559375 0.246875 0.3890625
3 0.51484375 0.603125 0.303125 0.46171875
3 0.78046875 0.625 0.28359375 0.47421875
3 0.9484375 0.6171875 0.103125 0.475
3 0.6921875 0.39921875 0.12734375 0.06484375
0 0.078125 0.4890625 0.15625 0.4609375
0 0.25546875 0.51640625 0.26171875 0.47734375
0 0.5109375 0.55546875 0.29296875 0.54140625
0 0.83046875 0.571875 0.3390625 0.55390625
0 0.95078125 0.57421875 0.0984375 0.55546875
0 0.73515625 0.35078125 0.18515625 0.13203125
0 0.66953125 0.33515625 0.115625 0.090625
0 0.1296875 0.3078125 0.13125 0.0796875
0 0.559375 0.08828125 0.21875 0.1765625
0 0.3609375 0.08671875 0.228125 0.1734375
0 0.16875 0.08671875 0.1625 0.1734375
0 0.05078125 0.0890625 0.1015625 0.178125
0 0.94296875 0.090625 0.1140625 0.18125
0 0.76953125 0.0921875 0.1875 0.184375
0 0.88125 0.0890625 0.09375 0.178125
0 0.68671875 0.0890625 0.07578125 0.178125
2 0.68125 0.01796875 0.071875 0.0359375
2 0.7921875 0.01796875 0.15078125 0.0359375
2 0.89296875 0.015625 0.0640625 0.03125
2 0.08125 0.98359375 0.1625 0.0328125