2 0.52109375 0.24453125 0.25 0.22578125
2 0.271875 0.240625 0.25078125 0.225
2 0.09609375 0.2375 0.1921875 0.228125
2 0.69375 0.2265625 0.20546875 0.19921875
2 0.88984375 0.2234375 0.2203125 0.20078125
1 0.52578125 0.090625 0.13203125 0.03828125
1 0.26171875 0.09296875 0.1328125 0.0359375
1 0.04140625 0.09765625 0.0828125 0.0296875
1 0.19375 0.096875 0.0328125 0.0234375
1 0.43203125 0.096875 0.0875 0.03359375
1 0.37578125 0.09921875 0.03828125 0.0203125
1 0.6859375 0.0875 0.1078125 0.03671875
1 0.81796875 0.090625 0.10390625 0.0296875
3 0.52421875 0.46484375 0.21875 0.24609375
3 0.11953125 0.45 0.23828125 0.228125
3 0.86796875 0.44296875 0.25859375 0.23046875
3 0.68515625 0.428125 0.1625 0.22109375
3 0.3140625 0.4578125 0.25859375 0.2328125
0 0.52109375 0.33125 0.2515625 0.525
0 0.87578125 0.309375 0.24765625 0.47890625
0 0.6921875 0.303125 0.15859375 0.48359375
0 0.27265625 0.325 0.2546875 0.50078125
0 0.12265625 0.3234375 0.24453125 0.4921875
1 0.9328125 0.08203125 0.12421875 0.03671875