3 0.4390625 0.64609375 0.31328125 0.4609375
3 0.73515625 0.63515625 0.26875 0.38671875
3 0.1578125 0.6078125 0.278125 0.378125
1 0.7453125 0.375 0.17890625 0.04765625
1 0.45546875 0.34140625 0.20625 0.0484375
1 0.18671875 0.359375 0.18125 0.05390625
1 0.096875 0.4109375 0.08046875 0.0265625
1 0.06484375 0.41796875 0.05 0.02890625
1 0.03046875 0.43046875 0.0609375 0.0328125
1 0.5859375 0.42734375 0.09140625 0.0328125
2 0.740625 0.521875 0.26328125 0.07265625
2 0.44453125 0.50859375 0.275 0.0921875
2 0.1734375 0.5375 0.246875 0.26875
2 0.03359375 0.53984375 0.0671875 0.184375
2 0.59765625 0.5234375 0.0625 0.06015625
0 0.15703125 0.57109375 0.29765625 0.46640625
0 0.43671875 0.59765625 0.30859375 0.56328125
0 0.73125 0.59296875 0.27890625 0.48984375