1 0.1140625 0.1296875 0.05390625 0.0671875
1 0.23203125 0.134375 0.053125 0.05625
1 0.34453125 0.121875 0.04765625 0.06953125
1 0.46640625 0.13828125 0.053125 0.06484375
1 0.60078125 0.128125 0.05234375 0.06015625
1 0.71875 0.1359375 0.053125 0.0640625
1 0.83828125 0.14765625 0.0515625 0.06875
1 0.97109375 0.134375 0.0578125 0.065625
1 0.91328125 0.17890625 0.05546875 0.05546875
1 0.8046875 0.19140625 0.0421875 0.040625
1 0.6578125 0.209375 0.0328125 0.05390625
1 0.5671875 0.203125 0.0390625 0.03515625
1 0.5015625 0.18046875 0.0453125 0.04921875
1 0.39765625 0.1734375 0.0453125 0.05390625
1 0.27734375 0.196875 0.0375 0.0546875
1 0.18046875 0.1703125 0.0515625 0.0546875
1 0.06015625 0.15859375 0.05625 0.0703125
1 0.0296875 0.21015625 0.03046875 0.04921875
1 0.76875 0.22265625 0.03984375 0.05234375
1 0.86953125 0.2171875 0.03359375 0.0484375
2 0.0265625 0.50390625 0.05234375 0.2078125
2 0.11015625 0.51015625 0.12265625 0.2265625
2 0.22578125 0.51640625 0.1140625 0.22890625
2 0.3453125 0.5171875 0.12890625 0.23046875
2 0.46875 0.5203125 0.1203125 0.23125
2 0.5953125 0.528125 0.12734375 0.24140625
2 0.71640625 0.5265625 0.11796875 0.23359375
2 0.8375 0.52421875 0.1171875 0.2265625
2 0.94765625 0.5328125 0.1046875 0.24375
3 0.034375 0.59453125 0.06875 0.59453125
3 0.1140625 0.6125 0.1265625 0.68359375
3 0.23046875 0.615625 0.128125 0.67109375
3 0.34453125 0.61640625 0.12734375 0.709375
3 0.46328125 0.61875 0.1296875 0.6578125
3 0.59453125 0.6234375 0.13828125 0.69296875
3 0.71484375 0.63046875 0.13203125 0.68203125
3 0.8375 0.62578125 0.12421875 0.65703125
3 0.94609375 0.63203125 0.10703125 0.6875
0 0.04375 0.50859375 0.0875 0.7671875
0 0.1125 0.52421875 0.13515625 0.8640625
0 0.225 0.51875 0.12734375 0.85703125
0 0.34140625 0.528125 0.12265625 0.8703125
0 0.46484375 0.52890625 0.12734375 0.8375
0 0.59609375 0.53046875 0.1328125 0.86875
0 0.7171875 0.53515625 0.1359375 0.853125
0 0.83515625 0.5390625 0.13359375 0.84609375
0 0.946875 0.5375 0.10625 0.8578125
0 0.9109375 0.2421875 0.05546875 0.19140625
0 0.5125 0.2515625 0.06640625 0.22578125
0 0.4015625 0.2625 0.053125 0.2234375
0 0.2828125 0.27890625 0.04765625 0.225
0 0.17421875 0.2265625 0.05390625 0.1484375
0 0.021875 0.23828125 0.04375 0.1640625
0 0.79921875 0.24296875 0.06328125 0.18359375
0 0.659375 0.2484375 0.0609375 0.1875
0 0.76484375 0.246875 0.04375 0.16015625