1 0.2890625 0.1296875 0.1671875 0.0765625
1 0.68125 0.13046875 0.1984375 0.0921875
3 0.28671875 0.58515625 0.4046875 0.7328125
3 0.68515625 0.56875 0.39921875 0.71796875
3 0.05625 0.5640625 0.1125 0.696875
3 0.9296875 0.57421875 0.140625 0.68515625
2 0.9328125 0.571875 0.134375 0.3109375
2 0.67734375 0.5703125 0.403125 0.3421875
2 0.275 0.57421875 0.45 0.3453125
2 0.059375 0.5734375 0.11796875 0.33359375
0 0.2875 0.515625 0.41328125 0.865625
0 0.68828125 0.509375 0.44375 0.86875
0 0.94453125 0.534375 0.1109375 0.7875
0 0.04375 0.5421875 0.0875 0.7265625