1 0.32578125 0.1765625 0.153125 0.04921875
1 0.09921875 0.1953125 0.15625 0.05078125
1 0.590625 0.18359375 0.15 0.0421875
1 0.86015625 0.18828125 0.1609375 0.04765625
1 0.7 0.22578125 0.11640625 0.03359375
1 0.434375 0.2078125 0.15390625 0.0390625
1 0.24453125 0.2171875 0.10703125 0.03203125
3 0.1140625 0.47109375 0.228125 0.46953125
1 0.02578125 0.221875 0.0515625 0.0421875
1 0.95625 0.1859375 0.08671875 0.03359375
2 0.325 0.54296875 0.27265625 0.2375
2 0.10859375 0.5328125 0.2171875 0.22109375
2 0.575 0.540625 0.278125 0.2265625
2 0.83671875 0.54140625 0.28125 0.23125
3 0.3234375 0.47890625 0.26328125 0.50390625
3 0.58046875 0.4703125 0.26484375 0.48828125
3 0.8328125 0.4734375 0.271875 0.48203125
0 0.1109375 0.4375 0.221875 0.534375
0 0.3234375 0.4359375 0.265625 0.57265625
0 0.5796875 0.4375 0.25546875 0.56484375
0 0.83359375 0.43984375 0.27890625 0.55625