0 0.1765625 0.4234375 0.35234375 0.7859375
0 0.54921875 0.384375 0.4265625 0.7453125
0 0.840625 0.42265625 0.31875 0.7953125
0 0.215625 0.33671875 0.321875 0.6734375
1 0.0875 0.06171875 0.175 0.0734375
1 0.15078125 0.02734375 0.1765625 0.0546875
1 0.54375 0.04765625 0.196875 0.06484375
1 0.915625 0.0640625 0.16875 0.0765625
1 0.60546875 0.015625 0.1640625 0.03125
1 0.2734375 0.00703125 0.16796875 0.01328125
1 0.9375 0.01796875 0.125 0.0359375
2 0.1609375 0.378125 0.32109375 0.2265625
2 0.83359375 0.384375 0.3328125 0.225
2 0.51640625 0.3453125 0.3796875 0.2015625
3 0.165625 0.49375 0.33125 0.61953125
3 0.53046875 0.45 0.40390625 0.58046875
3 0.8484375 0.50546875 0.303125 0.63046875
3 0.284375 0.40703125 0.19375 0.52890625