1 0.05546875 0.24609375 0.06015625 0.059375
1 0.1828125 0.2453125 0.053125 0.0609375
1 0.296875 0.2375 0.05 0.06328125
1 0.425 0.2453125 0.04921875 0.0609375
1 0.55859375 0.2390625 0.05859375 0.06328125
1 0.68125 0.24453125 0.0484375 0.07109375
1 0.80234375 0.24921875 0.0484375 0.05546875
1 0.93828125 0.2390625 0.05390625 0.06640625
1 0.88359375 0.2625 0.04921875 0.0578125
1 0.9890625 0.275 0.02109375 0.0609375
1 0.83984375 0.290625 0.0421875 0.053125
1 0.7703125 0.27109375 0.04140625 0.053125
1 0.74140625 0.2984375 0.03359375 0.05078125
1 0.6265625 0.2890625 0.0375 0.05
1 0.465625 0.26953125 0.05 0.05
1 0.53125 0.2875 0.02734375 0.04453125
1 0.3578125 0.27109375 0.03828125 0.05
1 0.33125 0.28515625 0.02421875 0.04375
1 0.2390625 0.28671875 0.04140625 0.05390625
1 0.13515625 0.26875 0.0484375 0.05390625
1 0.09921875 0.29453125 0.0359375 0.05703125
2 0.06328125 0.64765625 0.1265625 0.23984375
2 0.17578125 0.64765625 0.12109375 0.2328125
2 0.29609375 0.65703125 0.13671875 0.253125
2 0.42265625 0.6421875 0.12578125 0.24609375
2 0.55625 0.65703125 0.13359375 0.25859375
2 0.68203125 0.6453125 0.12421875 0.24296875
2 0.803125 0.6375 0.125 0.2421875
2 0.93046875 0.64921875 0.1390625 0.2453125
3 0.0671875 0.69765625 0.134375 0.6046875
3 0.17890625 0.70234375 0.12578125 0.5953125
3 0.2984375 0.69453125 0.14140625 0.6109375
3 0.42578125 0.703125 0.13125 0.59375
3 0.55625 0.6953125 0.134375 0.609375
3 0.68046875 0.70546875 0.12890625 0.5890625
3 0.803125 0.7015625 0.13203125 0.59609375
3 0.928125 0.696875 0.14296875 0.60625
0 0.06015625 0.60625 0.1203125 0.7875
0 0.1796875 0.60546875 0.11796875 0.7890625
0 0.29765625 0.6046875 0.1328125 0.790625
0 0.42734375 0.60703125 0.1265625 0.7859375
0 0.5578125 0.6046875 0.1234375 0.790625
0 0.6796875 0.60625 0.121875 0.7875
0 0.8 0.60703125 0.13125 0.7859375
0 0.93125 0.60078125 0.1375 0.7984375
0 0.13203125 0.34921875 0.0765625 0.253125
0 0.240625 0.346875 0.05703125 0.21171875
0 0.359375 0.37265625 0.0625 0.275
0 0.4734375 0.38515625 0.06796875 0.33203125
0 0.62578125 0.36796875 0.06640625 0.27109375
0 0.76328125 0.34765625 0.06796875 0.21015625
0 0.878125 0.36015625 0.0625 0.24609375
3 0.484375 0.4671875 0.0484375 0.14140625
3 0.359375 0.440625 0.04375 0.09453125
3 0.87109375 0.43671875 0.0421875 0.07109375