1 0.184375 0.36796875 0.0875 0.0890625
1 0.01171875 0.3703125 0.0234375 0.084375
1 0.03984375 0.36171875 0.06328125 0.0734375
1 0.0859375 0.3375 0.04296875 0.059375
1 0.39609375 0.375 0.0796875 0.08671875
1 0.59140625 0.38125 0.08203125 0.08359375
1 0.79296875 0.38359375 0.084375 0.08984375
1 0.98203125 0.38046875 0.03515625 0.10078125
3 0.05 0.746875 0.1 0.50625
3 0.1828125 0.74375 0.225 0.5125
3 0.3890625 0.75 0.20625 0.5
3 0.58359375 0.740625 0.1921875 0.51875
3 0.784375 0.73671875 0.20078125 0.5265625
3 0.93984375 0.7578125 0.1203125 0.484375
3 0.0703125 0.515625 0.09765625 0.13828125
3 0.10703125 0.45546875 0.0703125 0.09453125
0 0.046875 0.65 0.09375 0.7
0 0.18515625 0.66015625 0.2203125 0.6796875
0 0.38984375 0.66171875 0.2046875 0.6765625
0 0.58515625 0.6625 0.19375 0.675
0 0.77890625 0.67265625 0.19921875 0.6546875
0 0.9421875 0.6703125 0.115625 0.659375
2 0.9390625 0.9359375 0.121875 0.128125
2 0.7734375 0.9265625 0.20078125 0.146875
2 0.5828125 0.92578125 0.1859375 0.1484375
2 0.38984375 0.9234375 0.1859375 0.153125
2 0.1890625 0.925 0.2078125 0.15
2 0.04375 0.9234375 0.0875 0.153125