1 0.05234375 0.071875 0.07734375 0.0859375
1 0.4203125 0.01171875 0.08515625 0.0234375
3 0.053125 0.56171875 0.10625 0.8765625
3 0.2046875 0.54921875 0.2375 0.9015625
3 0.41640625 0.5640625 0.2140625 0.871875
3 0.6265625 0.5546875 0.2203125 0.890625
3 0.84765625 0.54765625 0.2390625 0.9046875
3 0.97265625 0.5703125 0.0546875 0.859375
2 0.05234375 0.71484375 0.1046875 0.3859375
2 0.20078125 0.72265625 0.2296875 0.40234375
2 0.415625 0.71171875 0.215625 0.39296875
2 0.62265625 0.71875 0.2 0.39921875
2 0.83515625 0.71484375 0.2140625 0.41796875
2 0.9765625 0.725 0.046875 0.41875
0 0.0578125 0.503125 0.11484375 0.99375
0 0.20390625 0.5 0.2421875 1
0 0.4140625 0.5 0.221875 1
0 0.62734375 0.50078125 0.2140625 0.99765625
0 0.83984375 0.5 0.228125 1
0 0.9734375 0.534375 0.053125 0.93125