1 0.36796875 0.36015625 0.0984375 0.0296875
1 0.2015625 0.42734375 0.084375 0.0296875
1 0.01875 0.4125 0.03671875 0.025
1 0.59375 0.35546875 0.09921875 0.02734375
1 0.82578125 0.35 0.1125 0.0265625
1 0.96015625 0.40234375 0.059375 0.01953125
3 0.03984375 0.58671875 0.0796875 0.27734375
3 0.1734375 0.59140625 0.20546875 0.2625
3 0.3546875 0.56015625 0.25390625 0.31875
3 0.61171875 0.5578125 0.26796875 0.31953125
3 0.86015625 0.55546875 0.26796875 0.315625
2 0.0390625 0.628125 0.078125 0.10078125
2 0.14921875 0.63359375 0.17265625 0.09140625
2 0.36015625 0.61484375 0.2671875 0.11953125
2 0.6125 0.60703125 0.27265625 0.11484375
2 0.86640625 0.60546875 0.26640625 0.12265625
0 0.040625 0.5625 0.08046875 0.33125
0 0.17734375 0.56953125 0.2046875 0.30859375
0 0.35546875 0.53125 0.25390625 0.37421875
0 0.60078125 0.53125 0.26015625 0.37890625
0 0.86171875 0.528125 0.275 0.38515625
0 0.98203125 0.43828125 0.0359375 0.13828125