0 0.11875 0.54609375 0.2375 0.49296875
0 0.45703125 0.57578125 0.2734375 0.54609375
0 0.728125 0.5703125 0.31796875 0.53125
0 0.29453125 0.540625 0.19765625 0.49296875
0 0.18984375 0.38671875 0.14375 0.1984375
0 0.5703125 0.42109375 0.13671875 0.25
0 0.8265625 0.44140625 0.11015625 0.27578125
0 0.86484375 0.415625 0.1171875 0.24765625
0 0.634375 0.3328125 0.1234375 0.08671875
1 0.06484375 0.31328125 0.1296875 0.0265625
1 0.19296875 0.30390625 0.11015625 0.02265625
1 0.3109375 0.31640625 0.125 0.0296875
1 0.459375 0.3171875 0.1328125 0.02890625
1 0.5484375 0.309375 0.1203125 0.025
1 0.75859375 0.32265625 0.13203125 0.03046875
1 0.8046875 0.31484375 0.10859375 0.02265625
1 0.82421875 0.30625 0.09140625 0.021875
1 0.61796875 0.303125 0.09453125 0.02734375
1 0.490625 0.29765625 0.071875 0.02265625
1 0.4109375 0.30390625 0.11171875 0.025
1 0.296875 0.29921875 0.08984375 0.025
1 0.2015625 0.28984375 0.09296875 0.015625
1 0.10703125 0.30078125 0.0875 0.0265625
1 0.03828125 0.296875 0.0765625 0.0203125
2 0.115625 0.5953125 0.23125 0.1265625
2 0.271875 0.59765625 0.140625 0.12890625
2 0.46328125 0.6359375 0.2671875 0.140625
2 0.71484375 0.625 0.265625 0.16640625
3 0.11875 0.58046875 0.2375 0.4234375
3 0.2828125 0.57109375 0.17421875 0.43515625
3 0.465625 0.6078125 0.26875 0.47890625
3 0.7359375 0.596875 0.30859375 0.4703125