0 0.4515625 0.53828125 0.48515625 0.78671875
0 0.1171875 0.51328125 0.234375 0.5953125
0 0.8265625 0.51796875 0.346875 0.78125
0 0.24140625 0.46015625 0.35859375 0.67109375
0 0.67265625 0.325 0.30546875 0.42890625
1 0.43125 0.18125 0.2640625 0.065625
1 0.93984375 0.17578125 0.1203125 0.0859375
1 0.6453125 0.13359375 0.21640625 0.04453125
1 0.7640625 0.10078125 0.159375 0.0375
1 0.56796875 0.09453125 0.146875 0.0390625
1 0.425 0.1140625 0.171875 0.04921875
1 0.290625 0.10546875 0.15234375 0.03828125
1 0.171875 0.09921875 0.1015625 0.040625
1 0.22734375 0.15703125 0.2234375 0.05546875
1 0.0890625 0.13515625 0.17734375 0.0515625
2 0.096875 0.58828125 0.19375 0.1578125
2 0.228125 0.5890625 0.18203125 0.17265625
2 0.46796875 0.6796875 0.4203125 0.23203125
2 0.83125 0.66484375 0.33671875 0.23671875
3 0.1171875 0.52265625 0.234375 0.546875
3 0.4421875 0.60234375 0.44296875 0.6375
3 0.83203125 0.58828125 0.3359375 0.640625
3 0.2265625 0.5125 0.30390625 0.5828125
3 0.65625 0.37109375 0.25390625 0.321875