1 0.8796875 0.421875 0.0953125 0.025
1 0.678125 0.42890625 0.08828125 0.02265625
1 0.60390625 0.44453125 0.0859375 0.0203125
1 0.725 0.4484375 0.0515625 0.01640625
1 0.821875 0.4375 0.05078125 0.02421875
1 0.96484375 0.43984375 0.0703125 0.02109375
2 0.7 0.6421875 0.21484375 0.11796875
2 0.56640625 0.6296875 0.07578125 0.0984375
2 0.89765625 0.6390625 0.2046875 0.11953125
2 0.27421875 0.63984375 0.21796875 0.125
2 0.08359375 0.64453125 0.1671875 0.12421875
2 0.38046875 0.621875 0.0265625 0.0984375
1 0.25234375 0.32109375 0.10546875 0.03515625
1 0.04921875 0.321875 0.0984375 0.02734375
1 0.11640625 0.35078125 0.0671875 0.02734375
1 0.303125 0.3453125 0.046875 0.01328125
3 0.08203125 0.5609375 0.16328125 0.403125
3 0.2671875 0.55234375 0.215625 0.39453125
3 0.70234375 0.59921875 0.2109375 0.27890625
3 0.8921875 0.59140625 0.215625 0.28515625
3 0.58203125 0.5921875 0.13359375 0.2484375
0 0.0859375 0.5296875 0.17109375 0.465625
0 0.26953125 0.52265625 0.2328125 0.4515625
0 0.58046875 0.56953125 0.12265625 0.2859375
0 0.7 0.5765625 0.21171875 0.32578125
0 0.89296875 0.571875 0.2140625 0.3234375