0 0.17421875 0.35390625 0.23671875 0.7078125
0 0.39375 0.40390625 0.42578125 0.8078125
0 0.753125 0.40703125 0.3234375 0.8140625
0 0.909375 0.45703125 0.18125 0.9140625
2 0.1390625 0.25703125 0.171875 0.15703125
2 0.3875 0.24140625 0.4828125 0.18125
2 0.75 0.2375 0.3296875 0.18671875
2 0.93671875 0.22109375 0.12578125 0.23515625
3 0.1578125 0.40625 0.190625 0.58359375
3 0.384375 0.428125 0.42734375 0.73671875
3 0.7640625 0.4296875 0.29609375 0.753125
3 0.9140625 0.4625 0.171875 0.896875
1 0.23125 0.02265625 0.184375 0.0453125
1 0.59296875 0.02265625 0.1734375 0.0453125