3 0.72265625 0.6515625 0.5546875 0.3765625
3 0.5734375 0.54296875 0.6953125 0.3765625
3 0.3390625 0.44609375 0.678125 0.38125
3 0.29453125 0.3578125 0.58828125 0.40546875
3 0.0390625 0.146875 0.078125 0.10703125
1 0.03203125 0.046875 0.0640625 0.04765625
1 0.25234375 0.13515625 0.12890625 0.0546875
1 0.51796875 0.2359375 0.1046875 0.046875
1 0.76796875 0.34296875 0.1140625 0.0515625
1 0.98984375 0.43828125 0.01953125 0.03046875
2 0.13046875 0.2953125 0.2609375 0.196875
2 0.3484375 0.39453125 0.3640625 0.2078125
2 0.575 0.4875 0.37265625 0.1984375
2 0.81484375 0.60078125 0.36953125 0.21484375
0 0.71640625 0.63203125 0.5671875 0.43828125
0 0.5140625 0.53359375 0.6515625 0.43984375
0 0.2875 0.42421875 0.57421875 0.440625
0 0.16015625 0.33828125 0.3203125 0.4609375
0 0.04140625 0.10625 0.0828125 0.1796875