2 0.02734375 0.2671875 0.0546875 0.14375
2 0.178125 0.27265625 0.0921875 0.18984375
2 0.3 0.2765625 0.16484375 0.21640625
2 0.4296875 0.290625 0.103125 0.1984375
2 0.54609375 0.309375 0.1515625 0.22890625
2 0.709375 0.31328125 0.20390625 0.26171875
2 0.8953125 0.3453125 0.20859375 0.31015625
3 0.0296875 0.34140625 0.059375 0.4515625
3 0.190625 0.478125 0.1234375 0.790625
3 0.29453125 0.5 0.16015625 0.85390625
3 0.4296875 0.509375 0.1140625 0.83203125
3 0.55625 0.5421875 0.1625 0.915625
3 0.709375 0.534375 0.21640625 0.93125
3 0.890625 0.52734375 0.21875 0.9453125
1 0.22265625 0.0453125 0.05078125 0.04453125
1 0.2859375 0.02734375 0.05390625 0.05390625
1 0.353125 0.01484375 0.0734375 0.02890625
1 0.4015625 0.0453125 0.03828125 0.05234375
1 0.4828125 0.02890625 0.046875 0.0578125
1 0.5828125 0.015625 0.06953125 0.03125
1 0.8390625 0.0234375 0.05625 0.046875
1 0.8078125 0.046875 0.03125 0.06171875
0 0.03203125 0.28828125 0.0640625 0.55390625
0 0.190625 0.44140625 0.13125 0.88203125
0 0.29375 0.46640625 0.1640625 0.93203125
0 0.43203125 0.46328125 0.11953125 0.9265625
0 0.5578125 0.5 0.16953125 1
0 0.709375 0.5 0.22890625 1
0 0.884375 0.5 0.23046875 1