0 0.596875 0.45 0.2359375 0.41796875
0 0.82578125 0.4453125 0.24453125 0.40625
0 0.4046875 0.43671875 0.2109375 0.40859375
0 0.065625 0.43671875 0.13125 0.40234375
0 0.23984375 0.4296875 0.21640625 0.36796875
0 0.08828125 0.4171875 0.146875 0.359375
0 0.1203125 0.29140625 0.078125 0.0796875
0 0.65859375 0.284375 0.0453125 0.05234375
0 0.6859375 0.2953125 0.04609375 0.06171875
0 0.7140625 0.3078125 0.05859375 0.10078125
0 0.75546875 0.31015625 0.1140625 0.134375
0 0.77734375 0.87734375 0.1890625 0.2453125
0 0.5984375 0.86875 0.18359375 0.2625
0 0.41484375 0.86796875 0.2109375 0.2640625
0 0.22578125 0.8671875 0.18125 0.265625
0 0.0765625 0.8671875 0.153125 0.265625
2 0.07109375 0.87421875 0.1421875 0.0859375
2 0.225 0.90703125 0.19453125 0.09375
2 0.409375 0.90703125 0.1875 0.1
2 0.5890625 0.89296875 0.1796875 0.10234375
2 0.7734375 0.92890625 0.18046875 0.11171875
2 0.82265625 0.43984375 0.22109375 0.10703125
2 0.6 0.440625 0.22265625 0.10546875
2 0.396875 0.4078125 0.2140625 0.10078125
2 0.22109375 0.403125 0.17890625 0.09765625
2 0.059375 0.4078125 0.11875 0.09921875
1 0.60390625 0.25390625 0.08984375 0.03125
1 0.8328125 0.25546875 0.09140625 0.03359375
1 0.7734375 0.26796875 0.065625 0.02890625
1 0.72890625 0.271875 0.04453125 0.02265625
1 0.66484375 0.27890625 0.03828125 0.01796875
1 0.69453125 0.27734375 0.03828125 0.02578125
1 0.553125 0.271875 0.03203125 0.01953125
1 0.52109375 0.27890625 0.028125 0.01796875
1 0.39296875 0.25546875 0.08828125 0.03125
1 0.43984375 0.2671875 0.053125 0.0234375
1 0.3203125 0.2734375 0.04296875 0.0203125
1 0.28203125 0.2671875 0.040625 0.02265625
1 0.228125 0.26015625 0.0859375 0.03203125
1 0.04921875 0.25859375 0.05703125 0.0265625
1 0.01796875 0.24921875 0.0359375 0.0375
1 0.11484375 0.2703125 0.07890625 0.02578125
3 0.5953125 0.496875 0.22421875 0.3109375
3 0.803125 0.49375 0.23125 0.31171875
3 0.40546875 0.47890625 0.228125 0.3109375
3 0.2203125 0.46875 0.2015625 0.29765625
3 0.0625 0.48125 0.12421875 0.315625
3 0.08046875 0.9 0.1515625 0.2
3 0.2265625 0.91015625 0.18046875 0.1796875
3 0.40703125 0.91875 0.18125 0.16171875
3 0.590625 0.9046875 0.178125 0.190625
3 0.77734375 0.9234375 0.18984375 0.153125
1 0.78359375 0.77421875 0.07734375 0.0359375
1 0.590625 0.7484375 0.06875 0.021875
1 0.40859375 0.7515625 0.0859375 0.0296875
1 0.225 0.746875 0.0828125 0.021875