1 0.6203125 0.1984375 0.27265625 0.0875
1 0.1125 0.16796875 0.225 0.09609375
1 0.21171875 0.11640625 0.2375 0.08515625
1 0.1578125 0.07578125 0.19609375 0.071875
1 0.30859375 0.03984375 0.1984375 0.06953125
1 0.68125 0.1421875 0.259375 0.0828125
1 0.6171875 0.06328125 0.2015625 0.0703125
1 0.95859375 0.04765625 0.0828125 0.07109375
2 0.940625 0.80234375 0.11796875 0.34140625
2 0.625 0.67734375 0.6546875 0.309375
2 0.17421875 0.62578125 0.3484375 0.2703125
3 0.20703125 0.67578125 0.41328125 0.64765625
3 0.6421875 0.684375 0.646875 0.63125
3 0.93984375 0.7609375 0.1203125 0.478125
3 0.88515625 0.384375 0.178125 0.13828125
3 0.35859375 0.32890625 0.15078125 0.0671875
0 0.2015625 0.55859375 0.403125 0.88203125
0 0.59453125 0.5734375 0.603125 0.85234375
0 0.93984375 0.728125 0.1203125 0.5421875
0 0.275 0.21640625 0.38046875 0.28203125
0 0.33828125 0.1234375 0.2625 0.246875
0 0.91953125 0.1515625 0.1609375 0.296875
0 0.93984375 0.22890625 0.1203125 0.2765625
3 0.8953125 0.23515625 0.11875 0.090625