0 0.75 0.2109375 0.753125 0.2109375 0.7546875 0.215625 0.7625 0.215625 0.765625 0.2125 0.76875 0.2140625 0.7796875 0.2125 0.79375 0.2203125 0.796875 0.2234375 0.7984375 0.234375 0.8046875 0.2375 0.80625 0.2453125 0.8171875 0.2546875 0.821875 0.2625 0.8234375 0.2703125 0.8234375 0.278125 0.8203125 0.28125 0.821875 0.290625 0.81875 0.2953125 0.8046875 0.3046875 0.8 0.3140625 0.8046875 0.3296875 0.815625 0.3375 0.8203125 0.3453125 0.81875 0.346875 0.8140625 0.3453125 0.8109375 0.3484375 0.80625 0.346875 0.8046875 0.35 0.8078125 0.3515625 0.803125 0.359375 0.8046875 0.3625 0.803125 0.3640625 0.8 0.359375 0.7984375 0.365625 0.8046875 0.36875 0.8046875 0.378125 0.8109375 0.3828125 0.8125 0.3796875 0.809375 0.3765625 0.8109375 0.375 0.8171875 0.3765625 0.8140625 0.3828125 0.8015625 0.3921875 0.8 0.3984375 0.7921875 0.403125 0.7859375 0.4125 0.7734375 0.4203125 0.7671875 0.4203125 0.765625 0.425 0.75 0.428125 0.7453125 0.425 0.7375 0.4265625 0.728125 0.4203125 0.721875 0.425 0.7078125 0.425 0.6953125 0.4234375 0.690625 0.4171875 0.6828125 0.421875 0.6796875 0.41875 0.66875 0.421875 0.6625 0.4171875 0.6375 0.4140625 0.6265625 0.4171875 0.6 0.41875 0.5984375 0.421875 0.596875 0.4203125 0.5921875 0.421875 0.5890625 0.41875 0.5859375 0.421875 0.5578125 0.4234375 0.546875 0.4296875 0.534375 0.4296875 0.5171875 0.4359375 0.50625 0.4359375 0.490625 0.440625 0.478125 0.440625 0.4734375 0.44375 0.4625 0.44375 0.4390625 0.4484375 0.36875 0.4515625 0.3671875 0.453125 0.3359375 0.4515625 0.3328125 0.4484375 0.3171875 0.4453125 0.3078125 0.4375 0.296875 0.4328125 0.2546875 0.39375 0.246875 0.3921875 0.234375 0.396875 0.2234375 0.396875 0.2109375 0.39375 0.20625 0.3859375 0.2 0.35 0.2015625 0.3109375 0.209375 0.3 0.2203125 0.296875 0.2328125 0.296875 0.2453125 0.3015625 0.253125 0.29375 0.2625 0.2765625 0.278125 0.2578125 0.2859375 0.2546875 0.3125 0.234375 0.33125 0.228125 0.3640625 0.2265625 0.365625 0.225 0.36875 0.2265625 0.390625 0.2265625 0.3921875 0.225 0.4671875 0.2265625 0.4828125 0.23125 0.4921875 0.23125 0.4984375 0.234375 0.5 0.2328125 0.5359375 0.234375 0.54375 0.2375 0.546875 0.2359375 0.5578125 0.2390625 0.5609375 0.2375 0.5625 0.2390625 0.6078125 0.240625 0.6234375 0.2390625 0.63125 0.2359375 0.646875 0.2359375 0.65625 0.23125 0.665625 0.2296875 0.6671875 0.2265625 0.671875 0.225 0.684375 0.2234375 0.690625 0.225 0.696875 0.2203125 0.71875 0.2171875 0.7265625 0.2109375 0.746875 0.2109375 0.7484375 0.2140625 0.75 0.2125
0 0.1 0 0.2078125 0 0.2125 0.009375 0.215625 0.0234375 0.215625 0.0546875 0.2046875 0.0890625 0.196875 0.096875 0.1828125 0.1046875 0.1671875 0.109375 0.153125 0.109375 0.1421875 0.1046875 0.121875 0.078125 0.115625 0.0578125 0.1 0.021875 0.1 0.0015625
0 0.04375 0.0375 0.046875 0.0421875 0.053125 0.0421875 0.0703125 0.0359375 0.0875 0.0390625 0.0921875 0.0421875 0.09375 0.040625 0.1015625 0.0421875 0.109375 0.05 0.1125 0.059375 0.1171875 0.0828125 0.1171875 0.1046875 0.115625 0.1140625 0.10625 0.1328125 0.10625 0.1390625 0.1015625 0.1484375 0.0984375 0.1625 0.0796875 0.1921875 0.04375 0.2578125 0.040625 0.26875 0.0328125 0.2796875 0.028125 0.2953125 0.0203125 0.3078125 0.0078125 0.31875 0 0.3203125 0 0.1015625 0.0046875 0.1 0.0109375 0.0859375 0.021875 0.075 0.021875 0.0640625 0.03125 0.053125 0.03125 0.05 0.0421875 0.0390625
0 0.215625 0 0.3890625 0 0.3890625 0.00625 0.3921875 0.0078125 0.39375 0.0140625 0.390625 0.0171875 0.390625 0.0265625 0.39375 0.0296875 0.390625 0.03125 0.3890625 0.0359375 0.3921875 0.0390625 0.3796875 0.0734375 0.3703125 0.084375 0.3609375 0.0890625 0.34375 0.0890625 0.3265625 0.08125 0.278125 0.0421875 0.2296875 0.01875 0.2171875 0.00625 0.215625 0.0015625
0 0.009375 0 0.0953125 0 0.0875 0.0171875 0.0828125 0.021875 0.078125 0.021875 0.0734375 0.0265625 0.0578125 0.03125 0.0375 0.0296875 0.0171875 0.0203125 0.0109375 0.0140625 0.009375 0.0015625
0 0 0.0203125 0.00625 0.021875 0.015625 0.03125 0.015625 0.0609375 0.0171875 0.0625 0.015625 0.08125 0.0078125 0.0890625 0.00625 0.0953125 0 0.1 0 0.021875
1 0.24326176406250002 0.3832799484375 0.24019803906249998 0.2747278640625 0.1860725484375 0.2842259109375 0.20956078437499998 0.41313151093749995 0.24530441249999999 0.409060546875 0.24326176406250002 0.3832799484375
2 0.5098053921875 0.2326634109375 0.47610441249999996 0.22316536406249998 0.3596833328125 0.227236328125 0.2585803921875 0.26794335937499997 0.2606230390625 0.2855826828125 0.2575593140625 0.3466432296875 0.26368676406249997 0.41448828125 0.309642646875 0.4470540359375 0.43525490156249996 0.45112500000000005 0.560867646875 0.4280572921875 0.5894622546875 0.41041796875000003 0.582313725 0.3154348953125 0.5098053921875 0.2326634109375
2 0 0.164818359375 0.00020686250000000002 0.1634615890625 0.0308441171875 0.1770305984375 0.054332353124999996 0.22587890625 0.05739607812500001 0.2394479171875 0.1074367640625 0.14717903593749998 0.07373627499999999 0.0861184890625 0.041056371875 0.0698352859375 0.017567646875000002 0.0725494796875 0 0.1336100265625 0 0.164818359375
2 0.40257549062500003 0 0.40032990156250003 0.0811640625 0.44444607812500003 0.105115234375 0.49142303906249996 0.09697330781249999 0.521039215625 0.079333984375 0.5108269609375 0 0.40257549062500003 0
1 0.1765625 0.06328125 0.0578125 0.07734375
0 0.4546875 0.10234375 0.1265625 0.2046875