2 0.4109375 0.26875 0.4265625 0.265625 0.4328125 0.2609375 0.4453125 0.2625 0.4421875 0.2734375 0.4421875 0.284375 0.4484375 0.315625 0.4484375 0.3359375 0.4515625 0.35 0.4515625 0.3796875 0.459375 0.4203125 0.459375 0.425 0.45625 0.4296875 0.45 0.43125 0.4484375 0.4296875 0.44375 0.43125 0.428125 0.4296875 0.425 0.390625 0.421875 0.3828125 0.421875 0.3625 0.4140625 0.315625 0.4109375 0.2703125
2 0.4453125 0.2921875 0.5046875 0.284375 0.553125 0.284375 0.5546875 0.2828125 0.5953125 0.284375 0.603125 0.2859375 0.60625 0.2890625 0.6140625 0.3703125 0.6140625 0.41875 0.61875 0.4390625 0.61875 0.478125 0.621875 0.484375 0.6203125 0.49375 0.596875 0.4984375 0.5734375 0.4984375 0.5453125 0.503125 0.484375 0.5046875 0.48125 0.484375 0.4734375 0.4765625 0.4671875 0.4734375 0.4375 0.46875 0.434375 0.465625 0.43125 0.4453125 0.4328125 0.43125 0.434375 0.4296875 0.45 0.43125 0.45625 0.4296875 0.459375 0.421875 0.4578125 0.4078125 0.45 0.3921875 0.4515625 0.3421875 0.4484375 0.334375 0.4484375 0.315625 0.4453125 0.29375
1 0.1171875 0.6109375 0.1203125 0.60625 0.128125 0.60625 0.128125 0.6109375 0.1203125 0.6125 0.11875 0.6109375
1 0.5109375 0.0234375 0.521875 0.0265625 0.5296875 0.034375 0.534375 0.0671875 0.51875 0.0640625 0.471875 0.0640625 0.4578125 0.065625 0.446875 0.071875 0.4421875 0.071875 0.440625 0.040625 0.4484375 0.03125 0.4734375 0.0234375 0.509375 0.0234375
1 0.025 0.42421875 0.01796875 0.01015625
1 0.040625 0.4203125 0.0546875 0.41875 0.059375 0.421875 0.0578125 0.4265625 0.0421875 0.4265625 0.040625 0.421875
1 0.1015625 0.615625 0.1109375 0.6109375 0.1171875 0.6125 0.1140625 0.6203125 0.1015625 0.6203125 0.1 0.61875 0.1015625 0.6171875
1 0.03125 0.3203125 0.0453125 0.31875 0.0515625 0.321875 0.046875 0.328125 0.0328125 0.3265625 0.03125 0.321875
1 0 0.421875 0.0078125 0.4234375 0.00625 0.4296875 0 0.4296875 0 0.4234375
1 0.1296875 0.60625 0.1421875 0.6078125 0.1390625 0.6140625 0.134375 0.6140625 0.1296875 0.6078125
1 0.0203125 0.315625 0.0265625 0.3203125 0.028125 0.325 0.0265625 0.328125 0.0078125 0.3265625 0.00625 0.3171875 0.01875 0.315625
0 0.0890625 0.634375 0.0921875 0.6375 0.096875 0.6609375 0.096875 0.68125 0.0921875 0.6859375 0.071875 0.6875 0.0625 0.675 0.0671875 0.665625 0.0671875 0.6609375 0.075 0.646875 0.0828125 0.6375 0.0875 0.6359375
0 0.51875 0.0265625 0.5265625 0.03125 0.5296875 0.0359375 0.534375 0.06875 0.5375 0.0734375 0.5375 0.0796875 0.53125 0.0875 0.53125 0.1 0.534375 0.1078125 0.5890625 0.178125 0.6 0.2015625 0.6015625 0.2296875 0.59375 0.2484375 0.59375 0.25625 0.60625 0.278125 0.6078125 0.309375 0.6109375 0.3203125 0.6125 0.36875 0.615625 0.38125 0.615625 0.41875 0.6203125 0.4484375 0.6203125 0.471875 0.6234375 0.4796875 0.6234375 0.4953125 0.628125 0.509375 0.6265625 0.540625 0.6234375 0.5484375 0.61875 0.553125 0.5890625 0.55 0.5734375 0.565625 0.5421875 0.565625 0.540625 0.5671875 0.5296875 0.5671875 0.51875 0.5640625 0.4625 0.5671875 0.453125 0.5609375 0.4453125 0.5453125 0.440625 0.525 0.4421875 0.5203125 0.4640625 0.5140625 0.4796875 0.50625 0.4828125 0.5 0.4828125 0.4875 0.478125 0.4796875 0.46875 0.4734375 0.4390625 0.46875 0.434375 0.4640625 0.43125 0.4421875 0.4328125 0.4328125 0.4296875 0.4296875 0.428125 0.403125 0.425 0.39375 0.425 0.375 0.421875 0.36875 0.421875 0.340625 0.41875 0.3375 0.41875 0.315625 0.415625 0.3109375 0.4140625 0.3015625 0.4140625 0.26875 0.41875 0.26875 0.421875 0.2640625 0.4109375 0.2484375 0.40625 0.2359375 0.40625 0.203125 0.4109375 0.1890625 0.446875 0.1203125 0.4515625 0.10625 0.45 0.0921875 0.4421875 0.0875 0.440625 0.046875 0.44375 0.0359375 0.453125 0.0296875 0.4671875 0.025 0.5015625 0.0234375 0.5171875 0.0265625
0 0.0171875 0.421875 0.03125 0.4203125 0.034375 0.4234375 0.034375 0.45625 0.0375 0.4640625 0.0359375 0.4765625 0.0265625 0.4796875 0.0234375 0.4765625 0.01875 0.4609375 0.01875 0.4375 0.015625 0.4265625 0.0171875 0.4234375
0 0.0578125 0.4203125 0.059375 0.421875 0.0578125 0.4328125 0.0625 0.4421875 0.065625 0.45625 0.06875 0.459375 0.06875 0.465625 0.05 0.4734375 0.0390625 0.4734375 0.0359375 0.459375 0.0359375 0.4328125 0.0421875 0.4203125 0.05625 0.4203125
0 0.05625 0.421875 0.0609375 0.421875 0.065625 0.425 0.0734375 0.4453125 0.0734375 0.4640625 0.071875 0.465625 0.0671875 0.4640625 0.0671875 0.4578125 0.0578125 0.446875 0.0578125 0.440625 0.0546875 0.4359375 0.053125 0.428125 0.05625 0.4234375
0 0.115625 0.6125 0.1171875 0.61875 0.125 0.628125 0.1265625 0.6484375 0.1296875 0.65625 0.1296875 0.6734375 0.128125 0.6765625 0.121875 0.6796875 0.109375 0.6796875 0.1015625 0.6765625 0.096875 0.640625 0.0921875 0.634375 0.09375 0.625 0.103125 0.615625 0.1140625 0.6125
0 0.140625 0.6078125 0.1515625 0.625 0.153125 0.65625 0.15 0.6625 0.1359375 0.6734375 0.1328125 0.6734375 0.13125 0.66875 0.1328125 0.6609375 0.1296875 0.6546875 0.1265625 0.625 0.1203125 0.61875 0.1203125 0.609375 0.1265625 0.609375 0.1328125 0.60625 0.1390625 0.6078125
0 0 0.421875 0.00625 0.421875 0.009375 0.425 0.01875 0.44375 0.01875 0.4640625 0 0.446875 0 0.4234375
3 0.528125 0.153125 0.5296875 0.1546875 0.553125 0.153125 0.56875 0.15625 0.58125 0.1671875 0.5890625 0.178125 0.596875 0.19375 0.6015625 0.2125 0.6 0.2359375 0.59375 0.2484375 0.59375 0.25625 0.6046875 0.2734375 0.60625 0.28125 0.6046875 0.2828125 0.515625 0.28125 0.5140625 0.2828125 0.4625 0.2859375 0.45 0.2890625 0.4453125 0.2875 0.4453125 0.2703125 0.4484375 0.2625 0.44375 0.2578125 0.4359375 0.2578125 0.421875 0.2625 0.4140625 0.253125 0.40625 0.2359375 0.40625 0.2046875 0.415625 0.1796875 0.421875 0.1703125 0.4265625 0.1671875 0.4484375 0.159375 0.484375 0.153125 0.5109375 0.153125 0.5125 0.1546875 0.5265625 0.153125